0:357 826 828 1135 1160 1471 1476 1478 1479 1494 1580 1582 1583 1584 1585 1588 1589 1590 1591 1592 1593 1594 1595 1596 1597 1598 1599 1600 1601 1602 1603 1604 1605 1606 1607 1608 1609 1610 1611 1612 1613 1614 1615 1616 1617 1618 1619 1620 1621 1622 1623 1624 
0:1041 1042 1044 1582 1590 1591 1592 1593 1594 1597 1598 1603 1605 1606 1607 1610 1613 1615 1616 1617 2283 2298 2299 2390 2391 2392 2393 2394 
0:357 1044 1160 1582 1583 1584 1590 1591 1592 1593 1594 1596 1597 1598 1603 1605 1606 1607 1608 1609 1610 1613 1615 1616 1617 1621 1622 1623 
0:1479 1494 1580 1582 1590 1591 1592 1593 1594 1597 1598 1599 1603 1604 1605 1606 1607 1610 1612 1613 1614 1615 1616 1617 1619 1623 2283 
1:34 357 365 419 1016 1098 1104 1147 1177 1305 1309 1316 1357 1395 1474 1568 1675 1676 1677 1678 1679 1683 1685 1686 1687 1688 
2:158 797 801 1011 1012 1017 1019 1020 1025 1026 1027 1028 1032 1033 1034 1035 1036 1037 1038 1039 1040 1041 1042 1044 1046 
0:1044 1582 1590 1591 1592 1593 1594 1597 1598 1603 1605 1606 1607 1608 1610 1613 1615 1616 1617 2298 2299 2391 2394 
0:828 1479 1582 1590 1591 1592 1593 1594 1597 1598 1603 1605 1606 1607 1608 1609 1610 1613 1615 1616 1617 1619 2299 
0:1042 1044 1582 1584 1590 1591 1592 1593 1594 1597 1598 1603 1605 1606 1607 1610 1613 1615 1616 1617 2393 
0:1044 1582 1590 1591 1592 1593 1594 1597 1598 1603 1605 1606 1607 1608 1609 1610 1613 1615 1616 1617 2299 
0:1479 1582 1590 1591 1592 1593 1594 1597 1598 1603 1605 1606 1607 1610 1613 1615 1616 1617 1619 2283 2299 
0:1044 1582 1590 1591 1592 1593 1594 1597 1598 1603 1605 1606 1607 1610 1613 1615 1616 1617 1623 2283 
0:1582 1590 1591 1592 1593 1594 1597 1598 1603 1605 1606 1607 1610 1613 1615 1616 1617 1620 2392 
0:1036 1479 1494 1580 1589 1592 1593 1594 1595 1596 1599 1604 1606 1609 1614 1615 1619 1620 
3:34 365 563 1261 1300 1309 1320 1472 1478 1509 1513 1602 1676 1703 1706 1708 1709 
4:40 356 717 951 1099 1200 1261 1305 1320 1366 1374 1492 1523 1570 1797 2233 2270 
5:240 1187 1188 1189 1375 1454 1638 1639 1640 1642 1643 1646 1663 1706 1751 1858 
6:914 1119 1236 1299 1404 1558 1623 1648 1652 1657 1659 1721 1728 1753 1754 1755 
7:717 1016 1030 1045 1104 1305 1422 1470 1471 1472 1473 1474 1475 1477 1478 1481 
0:1027 1028 1038 1040 1042 1587 1590 1598 1607 1613 1656 2134 2136 2299 2416 
8:158 799 1012 1036 1587 1589 1594 1595 1620 2134 2135 2136 2137 2138 
0:1580 1589 1590 1593 1594 1595 1598 1599 1607 1613 1614 1619 1620 2136 
0:1036 1479 1494 1580 1592 1593 1594 1599 1604 1606 1614 1615 1619 2283 
9:886 1010 1376 1395 1475 1484 1486 1565 1566 1567 1568 1569 1570 
10:365 1147 1261 1300 1492 1558 1683 1708 1769 1826 1827 1828 1829 
11:351 361 365 1261 1300 1308 1473 1480 1715 1716 1717 1718 1719 
12:11 115 125 190 191 206 215 216 640 642 644 646 648 
13:158 799 1011 1032 1039 1160 1479 1580 2129 2130 2131 2132 2133 
14:357 911 1030 1045 1320 1456 1473 1484 1485 1486 1489 1491 1492 
15:1216 1236 1448 1450 1451 1452 1486 1647 1648 1649 1652 1659 1661 
16:1036 1580 1593 1594 1599 1614 1619 1868 2136 2283 2329 2330 2331 
4:40 356 365 717 1099 1200 1261 1305 1320 1366 1492 1523 1797 
0:1038 1041 1042 1044 1590 1592 1598 1605 1607 1613 1615 2298 2299 
1:34 357 365 419 1016 1104 1305 1309 1316 1474 1478 1568 1676 
17:34 352 1294 1360 1516 1517 1518 1519 1520 1521 1524 1525 
18:347 349 351 352 353 354 355 357 358 359 362 363 
19:1119 1532 1568 1648 1657 1728 1755 1790 1791 1792 1793 1794 
3:34 365 1261 1305 1309 1320 1472 1478 1509 1513 1602 1676 
0:1036 1479 1494 1580 1589 1593 1594 1595 1599 1604 1620 2137 
0:1580 1590 1593 1594 1598 1599 1607 1613 1614 1619 2136 2283 
0:1027 1028 1038 1040 1041 1042 1044 1590 1598 1607 1613 2299 
20:825 1327 1377 1461 1462 1463 1464 1465 1466 1467 1468 
21:1188 1189 1502 1634 1636 1637 1638 1640 1642 1643 1646 
22:158 1044 1375 1443 1502 1529 1597 1623 2283 2284 2285 
23:1010 1305 1400 1413 1472 1504 1508 1509 1510 1512 1513 
24:526 1014 1031 1367 1368 1370 1371 1372 1373 1375 1376 
5:1187 1188 1189 1636 1638 1639 1640 1642 1643 1646 1706 
25:356 798 1031 1366 1452 1478 1648 1657 1659 1758 1791 
26:1032 1036 1479 1494 1580 1593 1594 1604 2137 2283 2328 
26:1032 1036 1479 1580 1593 1594 1604 2131 2137 2283 2328 
8:158 799 1036 1479 1587 1589 1594 1595 1620 2137 2138 
27:158 1012 1027 1028 1036 1038 1040 1042 1587 2134 2136 
28:1587 1589 1590 1594 1595 1598 1607 1613 1620 2134 2136 
0:1471 1479 1587 1589 1590 1594 1595 1598 1607 1613 1620 
0:1036 1580 1589 1593 1594 1595 1599 1614 1619 1620 2136 
0:1027 1038 1041 1042 1044 1590 1598 1607 1613 2298 2299 
0:158 1160 1478 1479 1580 1589 1594 1595 1597 1620 1623 
0:1036 1041 1042 1044 1592 1593 1594 1606 1615 2283 2299 
