0:357 826 828 1135 1160 1471 1476 1478 1479 1494 1580 1582 1583 1584 1585 1588 1589 1590 1591 1592 1593 1594 1595 1596 1597 1598 1599 1600 1601 1602 1603 1604 1605 1606 1607 1608 1609 1610 1611 1612 1613 1614 1615 1616 1617 1618 1619 1620 1621 1622 1623 1624 
0:1041 1042 1044 1582 1590 1591 1592 1593 1594 1597 1598 1603 1605 1606 1607 1610 1613 1615 1616 1617 2283 2298 2299 2390 2391 2392 2393 2394 
0:357 1044 1160 1582 1583 1584 1590 1591 1592 1593 1594 1596 1597 1598 1603 1605 1606 1607 1608 1609 1610 1613 1615 1616 1617 1621 1622 1623 
0:1479 1494 1580 1582 1590 1591 1592 1593 1594 1597 1598 1599 1603 1604 1605 1606 1607 1610 1612 1613 1614 1615 1616 1617 1619 1623 2283 
1:34 357 365 419 1016 1098 1104 1147 1177 1305 1309 1316 1357 1395 1474 1568 1675 1676 1677 1678 1679 1683 1685 1686 1687 1688 
2:158 797 801 1011 1012 1017 1019 1020 1025 1026 1027 1028 1032 1033 1034 1035 1036 1037 1038 1039 1040 1041 1042 1044 1046 
0:1044 1582 1590 1591 1592 1593 1594 1597 1598 1603 1605 1606 1607 1608 1610 1613 1615 1616 1617 2298 2299 2391 2394 
0:828 1479 1582 1590 1591 1592 1593 1594 1597 1598 1603 1605 1606 1607 1608 1609 1610 1613 1615 1616 1617 1619 2299 
0:1042 1044 1582 1584 1590 1591 1592 1593 1594 1597 1598 1603 1605 1606 1607 1610 1613 1615 1616 1617 2393 
0:1044 1582 1590 1591 1592 1593 1594 1597 1598 1603 1605 1606 1607 1608 1609 1610 1613 1615 1616 1617 2299 
0:1479 1582 1590 1591 1592 1593 1594 1597 1598 1603 1605 1606 1607 1610 1613 1615 1616 1617 1619 2283 2299 
0:1044 1582 1590 1591 1592 1593 1594 1597 1598 1603 1605 1606 1607 1610 1613 1615 1616 1617 1623 2283 
0:1582 1590 1591 1592 1593 1594 1597 1598 1603 1605 1606 1607 1610 1613 1615 1616 1617 1620 2392 
0:1036 1479 1494 1580 1589 1592 1593 1594 1595 1596 1599 1604 1606 1609 1614 1615 1619 1620 
3:34 365 563 1261 1300 1309 1320 1472 1478 1509 1513 1602 1676 1703 1706 1708 1709 
4:40 356 717 951 1099 1200 1261 1305 1320 1366 1374 1492 1523 1570 1797 2233 2270 
5:240 1187 1188 1189 1375 1454 1638 1639 1640 1642 1643 1646 1663 1706 1751 1858 
6:914 1119 1236 1299 1404 1558 1623 1648 1652 1657 1659 1721 1728 1753 1754 1755 
7:717 1016 1030 1045 1104 1305 1422 1470 1471 1472 1473 1474 1475 1477 1478 1481 
8:1027 1028 1038 1040 1042 1587 1590 1598 1607 1613 1656 2134 2136 2299 2416 
9:158 799 1012 1036 1587 1589 1594 1595 1620 2134 2135 2136 2137 2138 
0:1580 1589 1590 1593 1594 1595 1598 1599 1607 1613 1614 1619 1620 2136 
0:1036 1479 1494 1580 1592 1593 1594 1599 1604 1606 1614 1615 1619 2283 
10:886 1010 1376 1395 1475 1484 1486 1565 1566 1567 1568 1569 1570 
11:365 1147 1261 1300 1492 1558 1683 1708 1769 1826 1827 1828 1829 
12:351 361 365 1261 1300 1308 1473 1480 1715 1716 1717 1718 1719 
13:11 115 125 190 191 206 215 216 640 642 644 646 648 
14:158 799 1011 1032 1039 1160 1479 1580 2129 2130 2131 2132 2133 
15:357 911 1030 1045 1320 1456 1473 1484 1485 1486 1489 1491 1492 
16:1216 1236 1448 1450 1451 1452 1486 1647 1648 1649 1652 1659 1661 
17:1036 1580 1593 1594 1599 1614 1619 1868 2136 2283 2329 2330 2331 
4:40 356 365 717 1099 1200 1261 1305 1320 1366 1492 1523 1797 
0:1038 1041 1042 1044 1590 1592 1598 1605 1607 1613 1615 2298 2299 
1:34 357 365 419 1016 1104 1305 1309 1316 1474 1478 1568 1676 
