0:357 826 828 1135 1160 1471 1476 1478 1479 1494 1580 1582 1583 1584 1585 1588 1589 1590 1591 1592 1593 1594 1595 1596 1597 1598 1599 1600 1601 1602 1603 1604 1605 1606 1607 1608 1609 1610 1611 1612 1613 1614 1615 1616 1617 1618 1619 1620 1621 1622 1623 1624 
0:1041 1042 1044 1582 1590 1591 1592 1593 1594 1597 1598 1603 1605 1606 1607 1610 1613 1615 1616 1617 2283 2298 2299 2390 2391 2392 2393 2394 
0:357 1044 1160 1582 1583 1584 1590 1591 1592 1593 1594 1596 1597 1598 1603 1605 1606 1607 1608 1609 1610 1613 1615 1616 1617 1621 1622 1623 
0:1479 1494 1580 1582 1590 1591 1592 1593 1594 1597 1598 1599 1603 1604 1605 1606 1607 1610 1612 1613 1614 1615 1616 1617 1619 1623 2283 
0:34 357 365 419 1016 1098 1104 1147 1177 1305 1309 1316 1357 1395 1474 1568 1675 1676 1677 1678 1679 1683 1685 1686 1687 1688 
0:158 797 801 1011 1012 1017 1019 1020 1025 1026 1027 1028 1032 1033 1034 1035 1036 1037 1038 1039 1040 1041 1042 1044 1046 
0:1044 1582 1590 1591 1592 1593 1594 1597 1598 1603 1605 1606 1607 1608 1610 1613 1615 1616 1617 2298 2299 2391 2394 
0:828 1479 1582 1590 1591 1592 1593 1594 1597 1598 1603 1605 1606 1607 1608 1609 1610 1613 1615 1616 1617 1619 2299 
0:1042 1044 1582 1584 1590 1591 1592 1593 1594 1597 1598 1603 1605 1606 1607 1610 1613 1615 1616 1617 2393 
0:1044 1582 1590 1591 1592 1593 1594 1597 1598 1603 1605 1606 1607 1608 1609 1610 1613 1615 1616 1617 2299 
0:1479 1582 1590 1591 1592 1593 1594 1597 1598 1603 1605 1606 1607 1610 1613 1615 1616 1617 1619 2283 2299 
0:1044 1582 1590 1591 1592 1593 1594 1597 1598 1603 1605 1606 1607 1610 1613 1615 1616 1617 1623 2283 
0:1582 1590 1591 1592 1593 1594 1597 1598 1603 1605 1606 1607 1610 1613 1615 1616 1617 1620 2392 
0:1036 1479 1494 1580 1589 1592 1593 1594 1595 1596 1599 1604 1606 1609 1614 1615 1619 1620 
0:34 365 563 1261 1300 1309 1320 1472 1478 1509 1513 1602 1676 1703 1706 1708 1709 
0:40 356 717 951 1099 1200 1261 1305 1320 1366 1374 1492 1523 1570 1797 2233 2270 
0:240 1187 1188 1189 1375 1454 1638 1639 1640 1642 1643 1646 1663 1706 1751 1858 
0:914 1119 1236 1299 1404 1558 1623 1648 1652 1657 1659 1721 1728 1753 1754 1755 
0:717 1016 1030 1045 1104 1305 1422 1470 1471 1472 1473 1474 1475 1477 1478 1481 
0:1027 1028 1038 1040 1042 1587 1590 1598 1607 1613 1656 2134 2136 2299 2416 
0:158 799 1012 1036 1587 1589 1594 1595 1620 2134 2135 2136 2137 2138 
0:1580 1589 1590 1593 1594 1595 1598 1599 1607 1613 1614 1619 1620 2136 
0:1036 1479 1494 1580 1592 1593 1594 1599 1604 1606 1614 1615 1619 2283 
0:886 1010 1376 1395 1475 1484 1486 1565 1566 1567 1568 1569 1570 
0:365 1147 1261 1300 1492 1558 1683 1708 1769 1826 1827 1828 1829 
0:351 361 365 1261 1300 1308 1473 1480 1715 1716 1717 1718 1719 
0:11 115 125 190 191 206 215 216 640 642 644 646 648 
0:158 799 1011 1032 1039 1160 1479 1580 2129 2130 2131 2132 2133 
0:357 911 1030 1045 1320 1456 1473 1484 1485 1486 1489 1491 1492 
0:1216 1236 1448 1450 1451 1452 1486 1647 1648 1649 1652 1659 1661 
0:1036 1580 1593 1594 1599 1614 1619 1868 2136 2283 2329 2330 2331 
0:40 356 365 717 1099 1200 1261 1305 1320 1366 1492 1523 1797 
0:1038 1041 1042 1044 1590 1592 1598 1605 1607 1613 1615 2298 2299 
0:34 357 365 419 1016 1104 1305 1309 1316 1474 1478 1568 1676 
0:34 352 1294 1360 1516 1517 1518 1519 1520 1521 1524 1525 
0:347 349 351 352 353 354 355 357 358 359 362 363 
0:1119 1532 1568 1648 1657 1728 1755 1790 1791 1792 1793 1794 
0:34 365 1261 1305 1309 1320 1472 1478 1509 1513 1602 1676 
0:1036 1479 1494 1580 1589 1593 1594 1595 1599 1604 1620 2137 
0:1580 1590 1593 1594 1598 1599 1607 1613 1614 1619 2136 2283 
0:1027 1028 1038 1040 1041 1042 1044 1590 1598 1607 1613 2299 
0:825 1327 1377 1461 1462 1463 1464 1465 1466 1467 1468 
0:1188 1189 1502 1634 1636 1637 1638 1640 1642 1643 1646 
0:158 1044 1375 1443 1502 1529 1597 1623 2283 2284 2285 
0:1010 1305 1400 1413 1472 1504 1508 1509 1510 1512 1513 
0:526 1014 1031 1367 1368 1370 1371 1372 1373 1375 1376 
0:1187 1188 1189 1636 1638 1639 1640 1642 1643 1646 1706 
0:356 798 1031 1366 1452 1478 1648 1657 1659 1758 1791 
0:1032 1036 1479 1494 1580 1593 1594 1604 2137 2283 2328 
0:1032 1036 1479 1580 1593 1594 1604 2131 2137 2283 2328 
0:158 799 1036 1479 1587 1589 1594 1595 1620 2137 2138 
0:158 1012 1027 1028 1036 1038 1040 1042 1587 2134 2136 
0:1587 1589 1590 1594 1595 1598 1607 1613 1620 2134 2136 
0:1471 1479 1587 1589 1590 1594 1595 1598 1607 1613 1620 
0:1036 1580 1589 1593 1594 1595 1599 1614 1619 1620 2136 
0:1027 1038 1041 1042 1044 1590 1598 1607 1613 2298 2299 
0:158 1160 1478 1479 1580 1589 1594 1595 1597 1620 1623 
0:1036 1041 1042 1044 1592 1593 1594 1606 1615 2283 2299 
0:34 365 1045 1163 1357 1474 1702 1813 1814 1815 
0:419 507 1147 1304 1555 1558 1659 1834 1840 1842 
0:363 827 1048 1200 1261 1298 1299 1300 1301 1302 
0:563 798 1342 1366 1493 1494 1495 1496 1498 1499 
0:195 196 198 199 203 204 205 206 208 210 
0:507 914 1454 1478 1480 1536 1568 1746 1812 1850 
0:914 1236 1257 1445 1446 1447 1448 1450 1451 1452 
0:507 1374 1562 1623 1720 1721 1722 1723 1724 1725 
0:1475 1504 1568 1648 1659 1726 1727 1728 1729 1730 
0:419 563 717 1474 1478 1657 1706 1820 1821 1822 
0:1188 1189 1634 1636 1638 1639 1640 1642 1643 1646 
0:1580 1593 1594 1599 1605 1609 1614 1618 1619 2331 
0:717 1016 1305 1366 1422 1471 1472 1473 1474 1478 
0:365 563 717 1261 1309 1320 1472 1478 1706 1709 
0:34 365 563 1309 1472 1474 1478 1602 1676 1706 
0:34 365 1016 1104 1305 1309 1472 1474 1676 1678 
0:34 365 1016 1104 1305 1309 1472 1474 1478 1676 
0:365 717 1016 1045 1104 1305 1472 1473 1474 1478 
0:357 1016 1030 1045 1104 1305 1471 1473 1474 1478 
0:356 365 717 1261 1305 1320 1366 1473 1478 1523 
0:356 365 717 1261 1305 1320 1366 1473 1492 1523 
0:356 365 717 1200 1261 1305 1320 1366 1478 1523 
0:34 365 1147 1261 1305 1309 1316 1676 1683 1685 
0:357 1160 1479 1580 1593 1594 1595 1599 1604 2131 
0:1036 1479 1580 1593 1594 1595 1599 1604 2131 2137 
0:1036 1479 1580 1593 1594 1599 1604 2131 2137 2283 
0:158 799 1036 1479 1580 1589 1594 1595 1620 2137 
0:158 799 1036 1580 1589 1594 1595 1620 2136 2137 
0:1036 1580 1589 1593 1594 1595 1599 1620 2136 2137 
0:1036 1479 1494 1580 1593 1594 1599 1604 2137 2283 
0:1027 1028 1036 1038 1040 1042 1587 2134 2136 2299 
0:1042 1587 1590 1594 1598 1607 1613 2134 2136 2299 
0:1042 1590 1593 1594 1598 1607 1613 2136 2283 2299 
0:1590 1593 1594 1598 1607 1613 1619 2136 2283 2299 
0:1028 1041 1042 1044 1590 1598 1607 1613 2283 2299 
0:1036 1479 1592 1593 1594 1606 1615 1619 2283 2299 
0:1036 1479 1592 1593 1594 1606 1609 1615 1619 2299 
0:1038 1471 1479 1590 1592 1598 1605 1607 1613 1615 
0:1038 1479 1590 1592 1598 1605 1607 1613 1615 2299 
0:34 357 365 1305 1309 1395 1474 1602 1676 1678 
0:64 68 69 70 72 73 75 76 77 
0:1331 1345 1634 1636 1639 1640 1641 1644 1645 
0:1345 1636 1639 1640 1641 1644 1836 2248 2249 
0:118 147 178 280 281 284 600 601 602 
0:507 1014 1141 1396 1454 1800 1849 2188 2189 
0:801 1018 1486 1546 1548 1663 2321 2322 2323 
0:1031 1043 1261 1442 1480 1524 1537 1538 1539 
0:198 203 210 228 251 254 257 263 267 
0:347 349 350 351 356 360 361 363 365 
0:1034 1036 1044 1592 1596 1606 1609 2463 2672 
0:34 361 1073 1305 1350 1523 1544 1678 1877 
0:347 349 351 355 358 359 361 362 363 
0:914 1236 1448 1450 1451 1452 1648 1652 1659 
0:1236 1404 1450 1451 1647 1648 1649 1652 1659 
0:351 356 361 363 365 1261 1300 1308 1480 
0:1580 1593 1594 1599 1614 1617 1619 1868 2283 
0:365 419 563 717 1309 1474 1478 1706 1822 
0:1036 1580 1593 1594 1599 2131 2137 2283 2329 
0:1036 1580 1593 1594 1599 2136 2137 2283 2329 
0:1036 1580 1593 1594 1599 1609 1614 1619 2331 
0:1580 1593 1594 1599 1605 1614 1619 2283 2331 
0:1478 1580 1593 1594 1599 1612 1614 1619 2330 
0:1580 1593 1594 1599 1612 1614 1619 2283 2330 
0:1188 1189 1375 1502 1638 1640 1642 1643 1646 
0:34 1016 1045 1104 1305 1472 1474 1478 1481 
0:1032 1160 1479 1494 1580 1593 1594 1604 2328 
0:1032 1160 1479 1580 1593 1594 1604 2131 2328 
0:356 361 365 1261 1300 1308 1473 1478 1480 
0:351 356 361 365 1261 1300 1308 1473 1480 
0:1016 1045 1305 1422 1470 1471 1474 1476 1478 
0:365 563 717 1261 1320 1366 1472 1478 1709 
0:365 563 1261 1320 1366 1472 1478 1513 1709 
0:34 365 419 563 1309 1474 1478 1676 1706 
0:34 365 1305 1309 1472 1474 1602 1676 1678 
0:34 365 1016 1045 1104 1305 1472 1474 1478 
0:365 717 1016 1104 1305 1309 1472 1474 1478 
0:365 717 1016 1305 1366 1472 1473 1474 1478 
0:34 365 1305 1309 1472 1474 1478 1602 1676 
0:365 717 1261 1305 1320 1366 1472 1473 1478 
0:365 1261 1305 1320 1366 1472 1473 1478 1513 
0:717 1030 1045 1305 1320 1471 1472 1473 1478 
0:357 365 1016 1045 1104 1305 1473 1474 1478 
0:356 361 365 1261 1305 1366 1473 1478 1523 
0:356 365 1261 1305 1320 1366 1473 1478 1513 
0:357 365 1016 1147 1305 1316 1492 1568 1683 
0:826 1160 1476 1478 1502 1597 1605 1620 1623 
0:34 365 1147 1261 1300 1309 1676 1683 1708 
0:34 357 365 1016 1045 1104 1305 1357 1474 
0:34 357 365 1016 1045 1104 1305 1474 1478 
0:365 419 717 1016 1104 1305 1309 1474 1478 
0:34 357 365 1305 1309 1320 1478 1602 1676 
0:365 1016 1305 1357 1366 1395 1474 1568 1678 
0:158 799 1011 1032 1036 1039 1479 1580 2131 
0:158 799 1032 1036 1479 1580 1594 2131 2137 
0:158 799 1036 1479 1580 1594 1595 2131 2137 
0:158 1032 1036 1479 1580 1594 2131 2137 2283 
0:158 799 1032 1036 1479 1594 2131 2137 2138 
0:158 799 1036 1479 1594 1595 2131 2137 2138 
0:158 799 1012 1032 1036 1594 2135 2137 2138 
0:1036 1479 1589 1594 1595 1604 1620 2137 2138 
0:828 1584 1589 1591 1594 1595 1619 1620 2135 
0:799 828 1160 1479 1580 1589 1594 1595 1620 
0:158 799 1160 1479 1580 1589 1594 1595 1620 
0:828 1479 1589 1594 1595 1604 1620 1624 2138 
0:1028 1042 1590 1598 1607 1613 2136 2283 2299 
0:1027 1028 1036 1038 1040 1041 1042 1044 2299 
0:1032 1160 1479 1494 1580 1593 1594 1604 1612 
0:1032 1479 1494 1580 1593 1594 1604 1612 2283 
0:1036 1044 1592 1593 1594 1596 1606 1609 1615 
0:1036 1044 1592 1593 1594 1606 1609 1615 2299 
0:34 357 365 1305 1309 1474 1478 1602 1676 
0:1292 1544 1579 1666 2139 2141 2142 2143 
0:507 1345 1545 1546 1547 1548 1549 1550 
0:419 782 801 1119 1354 1425 1426 1430 
1:4 5 6 7 8 9 10 11 
0:23 24 29 530 1055 1056 1057 1059 
0:24 26 1104 1105 1106 1107 1108 1113 
2:112 114 115 116 119 120 121 122 
0:113 260 472 561 562 563 566 568 
0:261 462 464 466 467 468 469 472 
0:40 1098 1099 1147 1172 1316 2415 2816 
0:1404 1419 1451 1478 1647 1649 1651 1654 
0:914 1450 1778 1779 1780 1783 1784 1785 
0:195 196 197 198 199 205 206 210 
0:361 1052 1174 1272 1825 2279 2280 2281 
0:358 361 362 1059 1155 1185 1370 1371 
0:1474 1478 1602 1657 1809 1820 1822 1823 
0:27 1009 1098 1132 1171 1172 1176 1177 
0:361 1121 1187 1433 1488 1784 2188 2215 
0:1030 1377 1379 1484 1489 1501 1518 1650 
0:507 914 1454 1478 1480 1744 1746 1850 
0:356 1308 1366 1471 1473 1478 1513 1581 
0:1366 1504 1568 1648 1659 1726 1727 1728 
0:357 1030 1045 1305 1320 1456 1473 1492 
0:914 1236 1404 1450 1451 1648 1652 1659 
0:563 1474 1478 1602 1657 1706 1820 1822 
0:34 361 363 365 1261 1300 1308 1480 
0:365 419 717 1305 1309 1474 1478 1822 
0:365 563 1309 1474 1478 1602 1706 1822 
0:1119 1568 1648 1657 1659 1728 1755 1791 
0:356 1031 1366 1504 1648 1657 1659 1791 
0:1366 1504 1568 1648 1657 1659 1728 1791 
0:914 1119 1568 1648 1657 1659 1728 1755 
0:34 365 1305 1395 1544 1602 1676 1678 
0:34 361 365 1261 1300 1308 1478 1480 
0:356 365 1261 1300 1308 1473 1478 1513 
0:356 361 365 1261 1308 1366 1473 1478 
0:356 365 1261 1308 1366 1473 1478 1513 
0:365 563 717 1309 1472 1474 1478 1706 
0:40 365 1099 1147 1261 1305 1316 1492 
0:365 717 1045 1305 1320 1472 1473 1478 
0:365 717 1261 1305 1309 1320 1472 1478 
0:365 1261 1300 1320 1472 1473 1478 1513 
0:717 1305 1320 1366 1471 1472 1473 1478 
0:1305 1320 1366 1471 1472 1473 1478 1513 
0:357 1030 1045 1305 1320 1471 1473 1478 
0:356 717 1305 1320 1366 1471 1473 1478 
0:365 717 1045 1305 1320 1473 1478 1523 
0:356 1305 1320 1366 1471 1473 1478 1513 
0:365 717 1045 1305 1320 1473 1492 1523 
0:356 365 1261 1300 1320 1473 1478 1513 
0:356 365 1261 1305 1320 1478 1513 1676 
0:356 365 1261 1300 1320 1478 1513 1676 
0:356 365 1200 1261 1300 1320 1492 1797 
0:365 717 1045 1200 1305 1320 1492 1523 
0:34 365 1261 1305 1309 1316 1478 1676 
0:365 717 1200 1261 1320 1366 1478 1709 
0:365 717 1045 1200 1305 1320 1478 1523 
0:357 1016 1045 1305 1471 1474 1476 1478 
0:34 40 365 1098 1147 1177 1305 1316 
0:158 799 1160 1479 1580 1594 1595 2131 
0:158 799 1032 1160 1479 1580 1594 2131 
0:1032 1036 1479 1594 1604 2131 2137 2138 
0:1036 1479 1594 1595 1604 2131 2137 2138 
0:158 1012 1036 1042 1587 1594 2134 2136 
0:1036 1589 1594 1595 1619 1620 2135 2136 
0:799 828 1589 1594 1595 1620 2135 2138 
0:799 828 1479 1589 1594 1595 1620 2138 
0:1038 1471 1479 1587 1590 1598 1607 1613 
0:1038 1479 1587 1590 1598 1607 1613 2299 
0:1479 1587 1590 1594 1598 1607 1613 2299 
0:801 1036 1037 1038 1041 1042 1044 1615 
0:158 1011 1032 1033 1036 1038 1039 1479 
0:158 1012 1032 1036 1041 1042 1044 1594 
0:158 1032 1036 1041 1042 1044 1594 2283 
0:158 1028 1032 1036 1041 1042 1044 2283 
0:1032 1036 1041 1042 1044 1593 1594 2283 
0:158 1041 1042 1044 1594 1597 2283 2298 
0:1036 1038 1041 1042 1044 1592 1615 2299 
0:357 1160 1305 1471 1474 1476 1478 1602 
0:68 72 73 75 154 2092 2093 
3:6 96 97 99 102 103 105 
0:533 607 960 961 962 963 964 
0:106 113 216 255 562 565 567 
0:1483 1485 1530 1561 1737 1738 1740 
4:321 334 335 336 337 338 339 
0:1187 1188 1189 1190 1784 1886 2326 
0:138 278 280 281 283 284 285 
0:25 95 203 267 699 920 921 
0:1236 1375 1424 1757 1759 1760 1761 
0:1274 1500 1501 1502 1503 1504 1505 
0:349 361 797 1023 1024 1029 1031 
0:258 259 261 462 463 465 470 
0:25 243 284 579 580 582 583 
0:1140 1142 1143 1144 1145 1146 1147 
0:351 801 1242 1261 1685 1862 2252 
0:1331 1345 1634 1635 1636 1639 1644 
0:1031 1367 1368 1369 1372 1373 1374 
0:563 1524 1913 2345 2377 2378 2379 
0:350 351 1025 1656 1974 2224 2225 
0:87 118 140 151 152 154 155 
0:356 1305 1359 1732 1791 1820 2263 
0:719 908 1294 1366 1678 2363 2365 
0:717 1366 1422 1486 1670 1690 1692 
0:1188 1189 1190 1784 1876 1886 2174 
0:198 199 203 206 208 210 254 
0:27 40 1098 1099 1185 2181 2182 
0:349 361 413 1009 1013 1173 1174 
0:1023 1304 1308 1448 1494 1498 1593 
0:34 36 365 1147 1357 1395 1678 
0:1584 1591 1596 1611 1612 1615 2430 
0:1362 1605 1606 1608 1615 2298 2299 
0:350 351 356 361 363 365 1261 
0:347 349 351 356 361 362 363 
0:1017 1028 1033 1036 1044 1046 2277 
0:40 365 1098 1099 1200 1305 1804 
0:40 1099 1200 1305 1570 1804 2233 
0:1119 1648 1657 1721 1728 1755 1793 
0:356 419 717 1305 1478 1820 1822 
0:419 717 1305 1474 1478 1820 1822 
0:356 419 717 1478 1657 1820 1822 
0:158 799 1032 1479 2131 2133 2138 
0:1036 1042 1593 1594 1868 2136 2283 
0:365 419 1098 1305 1309 1474 1822 
0:365 1305 1309 1474 1478 1602 1822 
0:356 365 419 717 1305 1478 1822 
0:34 361 365 1300 1308 1478 1518 
0:356 361 365 1300 1308 1478 1518 
0:1366 1478 1568 1648 1657 1659 1791 
0:1044 1593 1594 1605 2283 2298 2331 
0:1032 1036 1580 1593 1594 2283 2330 
0:1032 1580 1593 1594 1612 2283 2330 
0:1451 1452 1478 1647 1648 1649 1659 
0:1404 1451 1478 1647 1648 1649 1659 
0:1236 1404 1648 1649 1652 1659 1721 
0:914 1031 1452 1478 1648 1657 1659 
0:914 1236 1452 1648 1652 1657 1659 
0:914 1404 1478 1623 1648 1657 1659 
0:1236 1452 1647 1648 1652 1657 1659 
0:1236 1404 1647 1648 1652 1657 1659 
0:507 914 1236 1558 1623 1659 1721 
0:1032 1036 1044 1593 1594 2283 2328 
0:34 361 365 1305 1523 1544 1678 
0:1025 1027 1028 1038 1040 1042 1656 
0:365 1147 1177 1395 1677 1683 1829 
0:717 1030 1045 1422 1473 1475 1486 
0:717 1030 1045 1320 1473 1486 1492 
0:717 1261 1320 1366 1473 1486 1492 
0:717 1261 1320 1366 1486 1492 1570 
0:34 365 1261 1300 1308 1478 1513 
0:717 1045 1305 1422 1473 1478 1523 
0:717 1305 1366 1422 1473 1478 1523 
0:717 951 1261 1305 1309 1320 1797 
0:351 356 365 1261 1300 1473 1492 
0:351 356 365 1261 1300 1492 1797 
0:34 361 365 563 1261 1300 1478 
0:365 563 717 1366 1472 1474 1478 
0:40 365 1098 1099 1147 1305 1316 
0:365 1098 1099 1147 1305 1316 1678 
0:365 1016 1305 1366 1472 1474 1678 
0:34 365 1045 1305 1320 1472 1478 
0:1305 1320 1471 1472 1478 1513 1602 
0:717 1261 1305 1472 1473 1475 1478 
0:357 365 1045 1305 1320 1473 1478 
0:361 365 1305 1366 1473 1474 1478 
0:357 365 1016 1045 1305 1473 1492 
0:357 1016 1030 1045 1305 1473 1492 
0:365 717 1016 1045 1305 1473 1492 
0:717 1016 1030 1045 1305 1473 1492 
0:365 717 1016 1305 1366 1473 1492 
0:717 1030 1045 1305 1320 1473 1492 
0:357 365 1045 1305 1320 1473 1492 
0:356 365 1261 1300 1320 1473 1492 
0:1016 1104 1305 1395 1474 1475 1568 
0:1016 1104 1305 1474 1475 1478 1568 
0:34 361 365 1261 1305 1478 1523 
0:356 365 1200 1261 1300 1320 1478 
0:365 1147 1261 1305 1316 1492 1683 
0:158 1160 1478 1502 1597 1620 1623 
0:34 40 1261 1305 1320 1523 1570 
0:717 1200 1261 1320 1366 1570 1709 
0:34 40 365 1147 1261 1305 1316 
0:34 40 365 1261 1305 1320 1523 
0:365 717 1261 1305 1309 1320 1797 
0:365 1200 1261 1300 1320 1478 1709 
0:34 365 1261 1305 1320 1478 1523 
0:34 365 1305 1309 1357 1509 1676 
0:34 365 1045 1305 1320 1478 1523 
0:34 357 365 1045 1305 1320 1478 
0:717 826 1030 1045 1320 1471 1478 
0:357 826 1030 1045 1320 1471 1478 
0:34 365 1309 1395 1602 1676 1709 
0:34 365 1309 1395 1676 1687 1709 
0:357 1016 1030 1104 1305 1474 1679 
0:365 1016 1305 1366 1474 1478 1568 
0:158 1032 1036 1594 2135 2137 2283 
0:158 1036 1580 1594 2136 2137 2283 
0:158 1036 1594 2135 2136 2137 2283 
0:1036 1042 1587 1594 2134 2136 2299 
0:1036 1587 1594 2134 2135 2136 2299 
0:1036 1594 1619 2135 2136 2283 2299 
0:158 799 1011 1012 1032 1036 1039 
0:1036 1042 1593 1594 2136 2283 2299 
0:1036 1593 1594 1619 2136 2283 2299 
0:801 1041 1042 1044 1615 2391 2394 
0:158 1027 1038 1041 1042 1044 2298 
0:158 1011 1020 1032 1039 1044 1160 
0:1034 1036 1038 1041 1042 1044 1592 
0:1034 1036 1037 1041 1042 1044 1606 
0:1034 1036 1041 1042 1044 1592 1606 
0:1028 1036 1041 1042 1044 2283 2299 
0:1036 1037 1041 1042 1044 1606 1615 
0:1037 1041 1042 1044 1606 1615 2390 
0:158 1479 1580 1594 1597 1623 2283 
0:357 365 1160 1305 1474 1478 1602 
0:33 358 362 1059 1068 1101 
0:23 530 1057 1065 1066 1069 
0:2242 2534 2960 2990 2991 2992 
0:1073 1552 1554 1555 1556 1557 
5:140 143 146 150 156 157 
6:294 464 1542 1996 1999 2000 
0:2181 2860 2862 2939 2942 2943 
0:196 212 213 214 215 216 
0:365 1104 1305 1316 1478 1681 
0:507 914 1454 1534 1535 1536 
7:51 77 545 546 547 557 
8:1243 2240 2782 2834 2835 2836 
9:147 397 398 399 401 403 
0:365 410 1132 1198 1199 1200 
0:416 417 418 419 420 421 
0:1290 1415 1440 1442 1443 1444 
0:25 36 443 608 911 924 
0:1297 1365 1871 2913 3003 3005 
0:362 1486 1540 1910 2168 2169 
0:20 21 22 23 24 25 
0:176 565 695 830 835 836 
10:64 65 66 67 71 74 
0:357 709 1482 1553 1561 1562 
0:351 355 358 361 1308 2255 
0:1230 1550 1574 1652 1801 1803 
0:1030 1031 1789 2130 2134 2668 
0:356 1300 1518 1644 2251 2278 
0:507 914 1149 1549 2287 2288 
0:1233 1396 1433 2306 2307 2308 
0:363 507 1207 1286 1377 1379 
0:124 128 129 130 131 137 
0:40 1200 1276 1279 1280 1281 
0:1279 1869 1870 1871 1872 1873 
0:801 1043 1350 2362 2368 2369 
0:507 563 1234 1235 1236 1237 
0:942 1520 1544 1558 1650 1660 
0:505 507 689 1141 1778 1782 
0:1019 1502 1586 1620 1704 2327 
0:507 1366 1456 1482 1488 1490 
0:1804 2181 2182 2320 2860 2863 
0:1280 1430 2373 2728 2729 2730 
0:1472 1659 1670 1678 1701 1707 
0:507 1187 1478 1744 1849 1851 
0:1036 1619 2135 2239 2283 2299 
0:1043 1539 1597 1663 1786 1787 
0:23 29 484 530 1055 1056 
0:23 29 484 530 1056 1068 
0:365 1098 1499 1822 2202 2684 
0:26 27 533 1113 1302 1511 
0:68 69 72 73 75 154 
0:419 507 782 801 1354 1426 
0:1051 1054 1270 1271 1272 1415 
0:23 29 530 1056 1059 1068 
0:24 26 135 533 1108 1113 
0:131 1570 1709 1804 2414 2415 
0:799 828 1480 2133 2138 2431 
0:40 365 1177 1200 1797 2458 
0:1032 1479 1604 2131 2138 2670 
0:507 914 1478 1743 1744 1746 
0:365 717 1261 1309 1709 2226 
0:365 717 1309 1709 1817 2226 
0:34 358 363 1068 1308 1480 
0:914 1443 1530 1906 2353 2354 
0:1017 1033 1036 1046 2146 2277 
0:40 1098 1099 1804 2181 2182 
0:40 1098 1099 1200 1804 2182 
0:349 361 413 1052 1173 1174 
0:361 1121 1187 1190 1433 1784 
0:361 1187 1190 1433 1784 2191 
0:365 1132 1366 1395 1558 2406 
0:34 365 1395 1687 1709 2406 
0:40 1098 1099 1200 1804 1833 
0:361 413 1047 1049 1270 1271 
0:356 362 1031 1354 1504 1704 
0:507 1187 1454 1478 1744 1849 
0:1025 1031 1257 1360 1400 1449 
0:717 1016 1366 1422 1472 1670 
0:1422 1473 1478 1523 1689 1691 
0:34 365 1045 1472 1474 1702 
0:34 361 365 1474 1813 1814 
0:419 507 1147 1568 1659 1840 
0:419 1147 1568 1659 1678 1840 
0:1187 1345 1636 1638 1639 1640 
0:1345 1634 1636 1638 1639 1640 
0:27 40 1098 1172 1176 1177 
0:34 365 1098 1357 1474 1814 
0:40 1098 1147 1172 1177 1316 
0:1045 1422 1473 1478 1523 1691 
0:1366 1422 1473 1478 1523 1691 
0:361 1031 1261 1442 1480 1524 
0:1592 1596 1606 1609 1618 2672 
0:347 349 351 357 363 365 
0:361 1031 1160 1448 1474 1498 
0:1028 1044 1613 1663 2277 2283 
0:365 1098 1132 1177 1357 1395 
0:1452 1478 1648 1649 1659 1758 
0:886 911 1320 1456 1484 1486 
0:365 1147 1261 1683 1685 1827 
0:1305 1320 1366 1456 1473 1492 
0:1320 1366 1456 1473 1486 1492 
0:1042 1539 1584 1597 1617 2393 
0:911 1261 1320 1473 1486 1492 
0:351 352 355 358 363 1308 
0:351 355 358 361 363 1308 
0:1474 1476 1478 1518 1730 1822 
0:1475 1478 1568 1648 1659 1730 
0:356 717 1305 1320 1478 1820 
0:563 717 1320 1478 1706 1820 
0:563 1320 1478 1602 1706 1820 
0:1305 1474 1478 1602 1820 1822 
0:351 358 361 363 1308 1480 
0:351 358 361 1308 1473 1480 
0:34 358 361 363 1308 1480 
0:799 828 1160 1479 1580 2133 
0:356 363 365 1200 1261 1300 
0:349 357 365 1305 1309 1320 
0:349 357 365 1305 1309 1357 
0:349 356 361 365 1305 1366 
0:349 356 365 1305 1320 1366 
0:1042 1593 1594 1617 1868 2283 
0:1030 1045 1473 1475 1484 1486 
0:1305 1474 1476 1478 1602 1822 
0:34 361 365 1474 1478 1518 
0:1010 1366 1395 1486 1568 1570 
0:1010 1305 1366 1395 1568 1570 
0:1010 1305 1395 1475 1568 1570 
0:1010 1305 1366 1472 1504 1513 
0:1036 1044 1593 1594 1609 2331 
0:1044 1593 1594 1605 1609 2331 
0:1036 1044 1593 1594 2283 2331 
0:914 1031 1448 1452 1648 1659 
0:914 1451 1478 1568 1648 1659 
0:914 1451 1452 1478 1648 1659 
0:914 1404 1451 1478 1648 1659 
0:914 1478 1568 1648 1657 1659 
0:1366 1558 1648 1657 1659 1728 
0:1452 1478 1647 1648 1657 1659 
0:1404 1478 1647 1648 1657 1659 
0:419 1119 1558 1657 1659 1728 
0:419 1119 1568 1657 1659 1728 
0:357 1044 1583 1584 1623 1728 
0:365 1147 1395 1558 1683 1829 
0:365 419 1147 1395 1558 1683 
0:563 717 1366 1474 1478 1657 
0:1044 1375 1597 1613 1663 2283 
0:1032 1044 1160 1593 1594 2328 
0:34 365 1045 1305 1523 1544 
0:365 1045 1305 1492 1523 1544 
0:357 826 914 1478 1585 1623 
0:1099 1200 1261 1492 1829 2233 
0:365 1099 1147 1261 1492 1829 
0:365 1200 1261 1300 1492 1829 
0:365 1099 1200 1261 1492 1829 
0:1044 1375 1597 1613 1623 2283 
0:357 419 1316 1395 1486 1568 
0:1308 1471 1476 1478 1494 1593 
0:351 356 1261 1374 1492 1797 
0:356 1031 1261 1366 1374 2233 
0:34 365 1016 1478 1480 1568 
0:356 361 1031 1261 1478 1480 
0:356 361 1031 1261 1366 1478 
0:356 361 1031 1160 1478 1502 
0:356 361 1031 1261 1478 1502 
0:1016 1470 1471 1476 1478 1479 
0:351 357 1016 1030 1473 1492 
0:351 357 365 1016 1473 1492 
0:351 361 365 563 1261 1300 
0:361 365 563 1261 1366 1478 
0:34 361 365 563 1474 1478 
0:361 365 563 1366 1474 1478 
0:365 1099 1305 1366 1523 1678 
0:1099 1305 1366 1523 1570 1678 
0:1305 1471 1472 1474 1478 1602 
0:1261 1300 1472 1473 1475 1478 
0:34 361 365 1305 1474 1678 
0:361 365 1305 1366 1474 1678 
0:361 365 1305 1366 1523 1678 
0:356 361 1261 1300 1478 1502 
0:34 361 365 1305 1474 1478 
0:356 361 365 1160 1305 1478 
0:361 365 1160 1305 1474 1478 
0:361 1160 1305 1474 1476 1478 
0:158 356 1160 1478 1502 1620 
0:356 365 419 1305 1478 1676 
0:365 1261 1300 1320 1492 1708 
0:365 1016 1305 1366 1492 1568 
0:1044 1502 1597 1605 1623 2283 
0:158 1044 1160 1502 1597 1623 
0:1044 1160 1502 1597 1605 1623 
0:34 1261 1320 1570 1708 1709 
0:365 1261 1300 1309 1320 1797 
0:365 1261 1305 1309 1685 1797 
0:357 826 1045 1471 1476 1478 
0:40 365 1098 1177 1200 1305 
0:40 365 1177 1200 1305 1797 
0:34 1305 1395 1568 1570 1678 
0:1305 1366 1395 1568 1570 1678 
0:365 1177 1305 1309 1685 1797 
0:357 826 1320 1471 1478 1602 
0:357 1305 1320 1471 1478 1602 
0:1591 1594 1619 2135 2283 2299 
0:828 1591 1594 1619 2135 2299 
0:1028 1036 1042 2136 2283 2299 
0:158 1028 1036 1042 2136 2283 
0:158 1036 1042 1594 2136 2283 
0:801 1044 1608 1615 2391 2394 
0:158 1044 1594 1597 1623 2283 
0:158 1044 1160 1594 1597 1623 
0:1036 1038 1479 1592 1615 2299 
0:357 1016 1471 1476 1478 1479 
0:29 1082 1084 1086 1087 
0:417 419 421 453 455 
11:263 752 753 759 760 
0:1613 1616 1621 2437 2686 
12:97 499 589 590 594 
0:472 503 505 506 507 
13:187 195 201 202 207 
0:115 704 735 736 737 
14:96 98 100 104 106 
15:1108 1310 1311 1312 1313 
0:1483 1721 1735 1741 1742 
16:140 142 158 160 162 
0:2179 2183 2184 2185 2186 
17:606 673 674 675 677 
18:231 237 663 664 665 
0:99 140 141 144 145 
0:826 1045 1291 1320 1551 
19:937 941 944 948 951 
0:1280 1486 2373 2374 2375 
20:300 331 1980 1981 1982 
0:1186 1187 1188 1189 1190 
0:280 281 854 855 856 
0:1404 1647 1656 1657 1658 
6:294 464 1996 1997 2000 
21:336 1925 1926 1928 1929 
0:1528 1529 1530 1532 1533 
22:230 232 233 234 236 
23:199 247 248 249 250 
0:2804 2932 2955 2959 2960 
0:917 1625 1626 1627 1628 
0:184 198 256 257 266 
0:1492 1558 1739 1819 2419 
0:1589 1594 1599 2137 2654 
0:1042 1539 1617 1868 2656 
0:358 717 1306 1391 2814 
0:507 914 1345 1496 2449 
0:1073 1157 1305 1476 2171 
0:507 782 1421 1429 1431 
0:507 1015 1103 1290 1441 
0:1871 2242 2730 2948 2954 
0:1871 2242 2944 2948 2954 
0:359 361 1232 1433 1434 
0:826 914 1488 1631 2251 
0:507 782 801 1402 1423 
0:2179 2180 2183 2184 2185 
0:2179 2180 2181 2183 2185 
0:1032 1479 2131 2200 2328 
0:1044 1597 1598 1617 2679 
0:717 824 826 827 828 
0:34 1419 1768 1770 1771 
0:918 1547 1548 2437 2438 
0:1584 1591 2135 2428 2430 
0:1546 1547 1548 2437 2438 
0:689 1626 1861 1863 1866 
0:1185 1296 1872 2729 2730 
0:349 1047 1166 1192 1195 
0:158 1597 2283 2298 2661 
0:351 1287 1503 1569 1862 
0:1279 1872 2181 2804 2932 
0:1279 1872 2804 2932 2944 
0:1804 2271 2320 2860 2863 
0:349 413 1040 1192 1240 
0:1279 1872 2181 2804 2953 
0:1279 1872 2804 2944 2953 
0:1279 1871 1872 1873 2944 
0:1051 1054 1271 1825 1846 
0:1051 1054 1443 1825 1846 
0:349 1167 1303 1305 1309 
0:363 1647 1650 1655 1660 
0:726 1488 1722 1725 1746 
0:798 1376 1388 1390 1391 
0:908 1483 1692 1734 1739 
0:1016 1305 1366 1474 1816 
0:1016 1305 1366 1492 1816 
0:29 454 484 530 1055 
0:1054 1272 1448 2254 2295 
0:563 797 1021 1022 1043 
0:1119 1582 1695 1724 1905 
0:351 1308 1905 2254 2256 
0:563 1261 1524 1913 2345 
0:1454 1913 2345 2377 2378 
0:349 798 1320 1364 1365 
0:40 1099 1305 1314 1320 
0:40 1099 1305 1314 1316 
0:1570 1708 1709 1804 2414 
0:1044 1613 1616 1621 2437 
0:351 365 1105 1184 1797 
0:113 255 472 562 565 
0:113 260 472 562 565 
0:828 1479 1604 2138 2670 
0:198 214 228 251 260 
0:507 914 1450 1778 1784 
0:914 1404 1450 1784 1785 
0:34 36 365 1147 1869 
0:361 1190 1433 1784 1876 
0:1190 1433 1784 1876 2174 
0:1433 1660 1784 1876 2174 
0:350 351 365 1261 2226 
0:1132 1315 1357 1509 2202 
0:1261 1315 1316 1486 1560 
0:361 1272 1448 2279 2280 
0:1054 1272 1448 2279 2280 
0:1054 1272 1825 2279 2280 
0:914 1404 1451 1478 1651 
0:1530 1561 1583 1728 2320 
0:1494 1584 1599 1600 2429 
0:914 1906 1907 2353 2354 
0:365 717 1309 1474 1817 
0:365 717 1309 1797 1817 
0:365 1309 1703 1709 1817 
0:914 1404 1530 1728 2353 
0:349 1305 1357 1359 1366 
0:349 356 1305 1359 1366 
0:356 1305 1359 1366 1791 
0:356 1359 1366 1659 1791 
0:361 413 1049 1155 2215 
0:361 413 1008 1047 1049 
0:361 1008 1047 1049 1053 
0:361 1052 1053 1173 1306 
0:40 1098 1099 1185 1833 
0:1187 1188 1189 1190 1636 
0:40 1098 1099 1804 2415 
0:40 1099 1570 1804 2415 
0:365 1366 1395 1709 2406 
0:1395 1687 1709 2403 2406 
0:40 356 1099 1200 1833 
0:361 1047 1270 1271 1272 
0:1051 1054 1271 1272 1825 
0:361 1052 1053 1155 1306 
0:1016 1305 1366 1492 2266 
0:362 914 1031 1443 2266 
0:798 1031 1342 1366 1498 
0:365 1098 1132 1357 2202 
0:365 1098 1309 1357 2202 
0:365 1098 1309 1822 2202 
0:365 1132 1357 1509 2202 
0:365 1309 1357 1509 2202 
0:361 1187 1375 1784 2191 
0:507 801 1396 1454 2188 
0:801 1375 1396 1454 2188 
0:1014 1375 1396 1454 2188 
0:507 1187 1454 1849 2188 
0:361 1187 1375 1784 2188 
0:507 1187 1488 1784 2188 
0:1016 1366 1472 1670 1678 
0:1366 1472 1659 1670 1678 
0:507 1488 1623 1722 1725 
0:507 1488 1722 1725 1746 
0:507 1721 1722 1725 1746 
0:158 356 1478 1502 1581 
0:365 1098 1132 1176 1177 
0:365 1132 1176 1177 1797 
0:40 365 1098 1176 1177 
0:40 365 1176 1177 1797 
0:40 365 1176 1261 1797 
0:349 361 797 1009 1013 
0:349 358 361 363 1009 
0:361 1023 1031 1448 1498 
0:361 1023 1308 1448 1498 
0:361 365 1366 1474 1814 
0:365 1357 1366 1474 1814 
0:361 362 1031 1370 1371 
0:361 1031 1370 1371 1375 
0:358 362 1370 1371 1372 
0:362 1031 1370 1371 1372 
0:797 1013 1016 1030 1045 
0:349 351 356 361 1013 
0:351 356 361 1013 1300 
0:914 1031 1257 1448 1452 
0:719 826 1503 1590 1704 
0:365 1098 1474 1499 1822 
0:365 563 1366 1474 1499 
0:563 1366 1474 1498 1499 
0:365 563 1474 1499 1822 
0:1044 1592 1606 2394 2463 
0:27 40 1098 1099 1172 
0:1187 1188 1189 1375 1784 
0:1261 1299 1300 1302 1558 
0:1308 1366 1473 1478 1691 
0:34 36 40 365 1147 
0:1591 1615 2299 2390 2430 
0:356 362 1031 1372 1704 
0:1031 1043 1442 1443 1539 
0:1037 1362 1606 1608 1615 
0:1036 1044 1609 2331 2672 
0:1044 1592 1606 2390 2672 
0:34 1073 1305 1568 1678 
0:350 356 361 365 1160 
0:1160 1448 1494 1498 1593 
0:361 563 1366 1474 1498 
0:361 1031 1366 1474 1498 
0:1028 1036 1044 2277 2283 
0:365 1098 1132 1177 1200 
0:365 1132 1177 1200 1797 
0:365 1132 1200 1366 1797 
0:365 1132 1357 1366 1395 
0:914 1404 1530 1721 1728 
0:365 1099 1200 1804 1829 
0:1099 1200 1804 1829 2233 
0:1160 1504 1582 1726 1727 
0:1031 1648 1657 1791 1792 
0:826 1030 1031 1502 1792 
0:351 355 361 1308 1718 
0:886 1320 1484 1486 1570 
0:34 886 1395 1568 1570 
0:34 361 563 1261 1524 
0:34 563 1261 1509 1524 
0:34 361 1261 1480 1524 
0:361 1261 1473 1480 1524 
0:357 826 827 828 1612 
0:717 827 1200 1261 1797 
0:827 1200 1261 1300 1797 
0:826 1590 1593 1620 1704 
0:356 1031 1502 1504 1704 
0:349 356 798 1031 1366 
0:349 356 798 1320 1366 
0:356 798 1320 1366 1478 
0:563 798 1320 1366 1478 
0:563 798 1366 1478 1494 
0:563 798 1366 1478 1657 
0:507 914 1236 1450 1659 
0:1474 1475 1478 1568 1730 
0:158 799 1479 1587 2130 
0:158 799 1587 2130 2134 
0:351 352 363 1261 1308 
0:34 352 357 358 363 
0:34 352 358 363 1308 
0:34 352 363 1261 1308 
0:1305 1320 1478 1602 1820 
0:356 1305 1478 1791 1820 
0:356 1478 1657 1791 1820 
0:799 828 1479 2133 2138 
0:349 356 361 362 1031 
0:349 356 361 1031 1366 
0:349 365 1305 1357 1366 
0:357 1395 1484 1486 1568 
0:1320 1484 1486 1492 1570 
0:1484 1486 1492 1568 1570 
0:357 1484 1486 1492 1568 
0:365 1474 1478 1518 1822 
0:356 365 1478 1518 1822 
0:361 362 1474 1476 1518 
0:361 365 1308 1448 1518 
0:361 365 1448 1474 1518 
0:361 1474 1476 1478 1518 
0:361 1308 1476 1478 1518 
0:1010 1305 1472 1475 1504 
0:1010 1305 1366 1504 1568 
0:1010 1305 1475 1504 1568 
0:356 1305 1366 1478 1791 
0:356 1305 1366 1504 1791 
0:1305 1366 1478 1568 1791 
0:1305 1366 1504 1568 1791 
0:1031 1044 1375 1443 1502 
0:1044 1443 1597 1608 1623 
0:1044 1443 1597 1608 2299 
0:1044 1443 1597 2283 2299 
0:1451 1486 1568 1648 1659 
0:1475 1486 1568 1648 1659 
0:1366 1486 1568 1648 1659 
0:1366 1452 1486 1648 1659 
0:419 507 1478 1568 1659 
0:507 1366 1478 1568 1659 
0:507 1366 1504 1568 1659 
0:507 914 1478 1568 1659 
0:507 914 1478 1623 1659 
0:356 419 1478 1657 1659 
0:419 1478 1568 1657 1659 
0:365 1395 1544 1558 1829 
0:365 1492 1544 1558 1829 
0:365 1261 1366 1492 1558 
0:419 1474 1478 1568 1657 
0:1031 1366 1474 1478 1657 
0:1366 1474 1478 1568 1657 
0:356 717 1366 1478 1657 
0:1160 1448 1494 1593 1621 
0:361 365 1160 1448 1474 
0:419 507 1147 1568 1677 
0:1020 1032 1036 1044 2328 
0:1020 1032 1044 1160 2328 
0:1020 1031 1044 1160 2328 
0:356 1031 1160 1502 1504 
0:356 1305 1366 1504 1513 
0:357 914 1305 1478 1568 
0:357 1316 1486 1492 1568 
0:1366 1486 1492 1568 1570 
0:717 1366 1422 1473 1486 
0:717 1261 1473 1475 1486 
0:717 1261 1475 1486 1570 
0:1308 1366 1471 1478 1494 
0:365 1016 1473 1478 1480 
0:1016 1470 1473 1478 1480 
0:351 365 1016 1473 1480 
0:351 1016 1470 1473 1480 
0:361 1031 1366 1474 1478 
0:361 1031 1160 1474 1478 
0:826 1030 1031 1478 1502 
0:826 1031 1160 1478 1502 
0:797 1020 1025 1031 1044 
0:1020 1031 1044 1160 1502 
0:351 1016 1030 1470 1473 
0:351 1016 1470 1476 1479 
0:351 357 1016 1476 1479 
0:351 357 365 1016 1685 
0:351 365 1261 1685 1797 
0:717 1261 1305 1475 1570 
0:361 1160 1476 1478 1502 
0:361 1160 1476 1478 1608 
0:356 1160 1471 1478 1620 
0:356 1160 1305 1471 1478 
0:1305 1366 1492 1568 1570 
0:1261 1320 1492 1570 1708 
0:158 1019 1020 1044 1502 
0:158 1020 1044 1160 1502 
0:34 1305 1523 1570 1678 
0:717 826 828 1471 1478 
0:158 1036 1038 1479 1587 
0:1036 1038 1479 1587 2299 
0:1036 1479 1587 1594 2299 
0:801 1037 1044 1608 1615 
0:158 1032 1044 1160 1594 
0:158 1012 1019 1036 1620 
0:1037 1044 1606 1608 1615 
24:926 2715 2718 2719 
25:12 14 15 17 
26:15 2122 2123 2124 
1:16 91 92 95 
0:31 32 33 37 
27:47 79 80 82 
7:52 546 547 1984 
28:84 536 537 538 
0:90 203 684 699 
0:110 111 216 2103 
29:124 132 134 136 
30:93 169 628 629 
31:188 720 778 779 
32:188 654 879 880 
33:189 192 193 194 
18:230 231 235 237 
0:198 258 259 264 
0:199 208 254 268 
0:199 208 268 270 
34:292 447 620 888 
35:32 322 324 325 
0:370 454 1055 1061 
36:376 378 503 504 
37:35 388 389 390 
38:396 397 400 402 
39:405 1134 1932 1937 
40:432 587 2090 2091 
41:456 457 458 459 
42:488 489 490 491 
43:495 512 513 514 
44:504 528 978 979 
45:513 607 608 609 
46:624 625 626 627 
47:143 637 638 639 
48:125 138 643 647 
0:657 1261 2220 2338 
49:162 183 668 669 
0:686 687 688 689 
0:183 284 699 732 
50:280 701 747 857 
51:738 752 756 757 
52:765 2030 2031 2032 
51:642 738 765 766 
53:506 767 769 772 
53:181 218 767 771 
0:145 149 808 810 
54:562 849 850 851 
55:777 859 871 872 
56:695 864 866 867 
0:565 695 836 865 
57:104 146 726 896 
0:699 735 926 927 
0:484 1056 1068 1136 
0:1123 1210 1291 1294 
58:361 1247 1248 1249 
59:1263 1501 2209 2210 
0:1146 1295 1296 1297 
0:284 1332 2314 2315 
60:1183 1335 1355 1356 
0:1344 1345 1636 1640 
0:349 1190 1358 1360 
0:782 1402 1424 1428 
61:1693 1694 1695 1697 
0:911 1261 1483 1736 
0:1449 1749 1750 1751 
0:908 1419 1766 1767 
0:1769 1827 1830 1831 
0:419 563 1706 1841 
0:507 1626 1862 1865 
0:1488 1623 1725 1875 
62:717 1861 1889 1890 
0:1395 1894 2403 3102 
0:1517 1519 1521 1911 
0:1167 1366 1914 1915 
63:1955 2068 2069 2070 
0:464 467 468 1976 
1:9 10 552 2004 
63:2068 2069 2070 2071 
63:2068 2069 2071 2073 
64:7 1134 2158 2159 
65:1533 1655 2231 2232 
0:1053 1462 2234 2235 
66:1333 2341 2342 2343 
0:365 1703 1817 2396 
0:361 1274 1442 2407 
0:1556 1557 2426 2427 
67:913 917 1556 2440 
0:1236 1349 1443 2450 
68:2057 2467 2470 2471 
24:2490 2707 2713 2715 
69:74 499 2509 2510 
70:135 467 2025 2569 
71:123 215 2577 2578 
0:1362 1605 2298 2580 
0:361 1155 1306 2582 
72:2585 2588 2589 2590 
73:1151 1884 2286 2645 
0:1036 1479 2131 2675 
0:1044 2394 2463 2688 
74:25 2695 2696 2697 
75:295 380 2535 2700 
0:36 948 1705 2800 
0:2271 2320 2861 2862 
0:1871 2939 2940 2941 
0:2944 2947 2950 2953 
0:1872 2933 2967 2969 
0:2933 2967 2968 2969 
0:2933 2967 2968 2970 
0:1872 2729 2893 3010 
76:3063 3064 3072 3073 
0:1364 1365 2335 3065 
77:1323 1819 3081 3099 
0:14 1261 1441 2292 
78:7 407 1078 1961 
0:29 454 1055 1060 
79:117 510 2025 2026 
79:209 510 2025 2085 
0:352 1442 2276 2277 
0:220 387 531 533 
0:1183 1205 1206 1208 
0:507 741 1170 1868 
0:1148 1149 1150 1151 
0:1871 2271 2973 3007 
0:1871 2962 2973 3007 
75:295 379 380 2535 
75:295 379 446 2535 
7:51 547 548 557 
1:8 9 10 552 
80:11 2124 2266 2400 
81:564 822 2543 2544 
0:2138 2344 2394 2446 
39:1917 1934 1935 1936 
0:351 801 1460 2253 
0:284 507 705 1748 
0:99 115 568 704 
0:1323 2933 2934 2969 
0:361 1053 1306 2235 
1:8 9 91 93 
0:684 697 700 701 
0:507 1183 1206 1208 
0:507 1206 1208 1285 
0:176 470 697 900 
0:176 693 804 805 
0:1448 1644 2196 2295 
0:1347 1357 1913 2201 
82:213 885 886 887 
0:1187 1188 1189 2204 
39:1134 1932 1934 1936 
39:1932 1934 1935 1936 
0:1253 1639 1645 2216 
0:1350 1375 1544 2454 
0:1323 1872 2969 3014 
0:1323 2969 3014 3051 
0:1872 2969 3013 3014 
0:2969 3005 3013 3014 
0:1364 1871 2941 3004 
0:1694 1768 1769 1771 
0:35 484 1056 1137 
0:1082 1129 1131 1132 
0:1872 2932 2944 2947 
0:1872 2944 2947 2953 
0:27 387 533 999 
0:1546 1547 1549 1668 
0:125 222 465 648 
0:222 465 470 648 
0:361 1122 1124 1125 
75:295 442 444 446 
75:295 379 380 2538 
80:136 699 2054 2124 
0:1479 1587 2130 2665 
0:1022 1053 1642 2305 
0:27 220 387 533 
83:54 55 56 57 
0:1323 1872 2933 2969 
0:153 419 1728 1835 
0:1097 1161 1162 1163 
0:917 1546 1627 1628 
0:1593 1600 1604 2678 
0:1593 1604 2131 2678 
0:128 129 1331 1455 
0:31 34 36 40 
0:357 421 914 1897 
0:1085 1477 1722 1725 
0:1162 1200 1709 2442 
0:2242 2990 2991 3024 
0:507 801 1743 1747 
0:801 1663 1743 1747 
0:507 1743 1745 1747 
0:23 24 29 1087 
0:136 140 147 159 
84:1593 1699 2252 2262 
0:1317 2804 2945 2964 
0:2242 2730 2954 3015 
0:2181 2320 2860 2862 
0:2271 2320 2860 2862 
0:2270 2804 2932 2961 
0:1279 1317 1871 2964 
0:1317 1318 1871 2964 
0:1279 1317 2804 2964 
0:1317 1318 2804 2964 
0:365 410 1045 1200 
0:507 1206 1287 1460 
0:1872 2893 2969 2988 
0:34 1439 1518 1650 
0:741 1474 1818 1819 
0:1040 1270 1271 1414 
0:1049 1270 1271 1414 
0:1099 2179 2181 2182 
0:1099 1200 2179 2182 
0:176 565 684 695 
0:687 689 1863 1866 
0:687 1187 1863 1866 
0:1347 1448 2238 2239 
0:1187 1345 1636 2245 
0:1636 1643 1646 2247 
0:1643 1646 1751 2247 
0:1643 1751 2247 2379 
0:1316 1577 2180 2257 
0:1032 1612 2330 2671 
0:158 1032 1036 2662 
0:158 1036 1587 2662 
0:363 507 1285 1286 
0:507 1206 1285 1287 
0:1272 2254 2295 2361 
0:215 648 777 856 
0:118 470 699 887 
0:1099 1200 1804 3008 
0:507 1183 1206 1287 
0:1505 2285 2401 2463 
0:1591 2390 2428 2430 
0:1872 2730 3012 3015 
0:40 1099 1200 2442 
0:1044 1502 1605 2300 
0:1044 1605 2299 2300 
0:1044 1605 2300 2331 
0:358 1146 1185 2815 
0:1318 1871 1872 2962 
0:1318 1872 2932 2962 
0:1318 1871 2962 3007 
0:361 1053 1306 2309 
0:1872 2804 2932 2959 
0:1872 2804 2953 2959 
0:507 689 1626 1863 
0:507 914 1778 1782 
0:1200 1570 1574 1804 
0:1048 1185 1279 1296 
0:1146 1185 1279 1296 
0:1185 1279 1296 1872 
0:1147 1741 1831 2223 
0:1054 1195 1448 2280 
0:2283 2298 2331 2661 
0:505 1769 1771 1826 
0:1372 1373 1487 1704 
0:1487 1593 1704 2380 
0:507 914 1149 1745 
0:507 914 1743 1745 
0:507 914 1745 1863 
0:1318 1872 2804 2932 
0:1073 1191 1193 1410 
0:1872 2181 2182 2860 
0:349 413 1047 1192 
0:198 258 259 261 
0:1185 1872 2729 2893 
0:1872 2730 2948 3012 
0:1871 1872 2730 2948 
0:1871 1872 2944 2948 
0:40 1099 1143 1577 
0:40 1099 1143 1147 
0:40 1143 1147 1280 
0:141 155 174 176 
0:1054 1271 1448 1846 
0:1309 1727 1731 1732 
0:1185 1872 2181 2182 
0:1185 1279 1872 2181 
0:507 1045 1478 1851 
0:87 99 140 141 
0:87 140 141 155 
0:1314 1318 1320 1322 
0:349 1167 1305 1366 
0:1364 1871 2271 3007 
0:1279 1317 1365 1871 
0:827 1491 1734 1867 
0:40 365 1366 1803 
0:40 1099 1316 1577 
0:40 1099 1577 2233 
0:1024 1037 1362 1389 
0:1597 1663 1787 2283 
0:472 563 1410 1779 
0:1261 1411 1530 1685 
0:801 1261 1411 1685 
0:118 178 506 600 
0:365 1499 1817 2684 
0:507 782 1421 1426 
0:507 1141 1421 1426 
0:801 1043 1663 1786 
0:1147 1769 1827 1831 
0:1031 1054 1448 2295 
0:358 362 1128 1155 
0:1471 1586 1587 1620 
0:1038 1471 1586 1587 
0:1261 1300 1475 1554 
0:1552 1553 1558 1560 
0:507 914 1345 1549 
0:29 33 1059 1068 
0:1031 1440 1442 1443 
0:1031 1374 1440 2233 
0:151 351 1374 1440 
0:1051 1054 1415 1443 
0:349 1305 1320 1365 
0:349 1309 1320 1364 
0:1052 1240 1268 1349 
0:1052 1306 1349 1443 
0:507 1333 1402 1689 
0:40 1305 1804 2271 
0:507 1677 1829 2271 
0:1261 1300 1502 2345 
0:563 1261 1300 2345 
0:40 1098 1147 1280 
0:40 1098 1200 1280 
0:40 1185 1279 2181 
0:1047 1268 1272 1274 
0:349 413 1052 1240 
0:646 1570 1708 2414 
0:801 1546 1548 2437 
0:40 1172 1177 2458 
0:507 801 917 1546 
0:87 118 470 699 
0:828 2135 2138 2670 
0:1032 2135 2138 2670 
0:68 72 73 464 
0:198 228 257 258 
0:198 255 257 258 
0:358 362 1372 1705 
0:1366 1737 1738 1906 
0:1530 1737 1738 1906 
0:34 365 1474 1768 
0:365 1474 1499 1768 
0:36 507 1147 1869 
0:349 361 1024 1362 
0:825 1054 1448 2254 
0:363 507 1181 1183 
0:1155 1181 1183 1185 
0:349 358 363 1181 
0:358 1155 1181 1185 
0:1485 1553 1561 1737 
0:357 1485 1553 1561 
0:357 1561 1583 1728 
0:40 1099 1183 1185 
0:1261 1366 1486 1560 
0:1261 1366 1558 1560 
0:1485 1492 1553 1737 
0:1200 1366 1492 1737 
0:1037 2390 2429 2430 
0:357 1485 1492 1553 
0:1305 1309 1686 1732 
0:507 801 1546 1548 
0:358 362 363 1068 
0:1316 1474 1478 1823 
0:1478 1602 1708 1823 
0:362 1031 1707 1858 
0:365 1261 1480 1538 
0:908 1294 1366 1692 
0:914 1695 1906 1907 
0:914 1585 1695 1744 
0:365 1474 1499 1817 
0:914 1568 1728 1907 
0:914 1728 1907 2353 
0:886 1568 1728 1907 
0:886 1728 1907 2353 
0:911 1456 1483 1485 
0:1200 1804 2182 2320 
0:797 1021 1031 1043 
0:413 1008 1048 1052 
0:361 413 1008 1052 
0:361 1008 1052 1053 
0:1187 1190 1636 1689 
0:419 1098 1678 1833 
0:1098 1099 1678 1833 
0:413 1040 1270 1271 
0:361 1271 1272 1825 
0:361 1271 1272 1448 
0:1054 1271 1272 1448 
0:361 365 1272 1448 
0:361 1047 1272 1274 
0:349 361 1303 1305 
0:349 361 413 1303 
0:349 361 1031 1303 
0:358 361 1155 1306 
0:361 1031 1448 2280 
0:1031 1054 1448 2280 
0:507 1187 1784 2191 
0:507 1187 1849 2191 
0:507 914 1784 2191 
0:1187 1375 1454 2188 
0:363 1377 1379 1650 
0:507 1396 1454 1877 
0:801 1350 1375 1396 
0:196 206 215 216 
0:1187 1433 1660 1784 
0:1404 1449 1647 1649 
0:349 361 413 1047 
0:361 413 1052 1155 
0:1366 1486 1659 1670 
0:507 1454 1536 1751 
0:507 1187 1478 1689 
0:351 361 1261 1862 
0:1119 1582 1623 1724 
0:1119 1623 1721 1724 
0:507 1488 1725 1784 
0:914 1478 1585 1744 
0:507 914 1488 1746 
0:507 914 1721 1746 
0:1474 1478 1568 1812 
0:361 1049 1053 1155 
0:365 1176 1261 1472 
0:40 365 1176 1661 
0:1366 1691 1814 2251 
0:1045 1474 1477 1814 
0:361 362 1371 1476 
0:351 1013 1016 1030 
0:34 419 1147 1555 
0:826 1502 1503 1505 
0:826 1502 1505 1623 
0:1502 1505 1623 2285 
0:826 1502 1503 1704 
0:1502 1503 1504 1704 
0:356 365 1366 1499 
0:356 798 1366 1499 
0:356 365 1499 1822 
0:507 563 1366 1496 
0:1495 1620 1624 2138 
0:1494 1495 1620 1624 
0:356 362 363 719 
0:356 362 719 1704 
0:826 914 1488 1623 
0:507 914 1488 1623 
0:507 914 1488 1784 
0:34 1419 1544 1678 
0:1419 1544 1649 1678 
0:1419 1544 1647 1649 
0:34 1419 1478 1481 
0:914 1299 1302 1558 
0:1308 1478 1593 1691 
0:1366 1478 1691 1791 
0:34 36 1073 1678 
0:1036 1596 2430 2672 
0:1036 2135 2299 2430 
0:1591 2135 2299 2430 
0:1036 1615 2299 2430 
0:1036 1037 1615 2430 
0:1036 1596 1615 2430 
0:1037 1615 2390 2430 
0:1030 1484 1650 1660 
0:1544 1647 1650 1660 
0:34 1518 1520 1650 
0:34 1520 1544 1650 
0:356 1372 1374 1523 
0:356 1372 1478 1523 
0:356 1031 1372 1374 
0:356 1031 1372 1478 
0:1031 1372 1373 1704 
0:801 1043 1261 1442 
0:352 1261 1442 1524 
0:361 1362 1608 2299 
0:1362 1443 1608 2299 
0:361 1362 1448 2299 
0:1362 1448 2298 2299 
0:34 361 1350 1524 
0:361 1350 1375 1544 
0:1609 1618 2331 2672 
0:1073 1305 1422 1476 
0:1073 1305 1422 1523 
0:361 1073 1305 1476 
0:1308 1366 1494 1498 
0:361 1308 1366 1498 
0:507 1400 1413 1504 
0:914 1520 1544 1558 
0:34 1509 1520 1524 
0:34 352 1520 1544 
0:365 1708 1709 1804 
0:365 1708 1804 1829 
0:365 1200 1709 1804 
0:1200 1570 1709 1804 
0:1016 1030 1045 1660 
0:1030 1045 1484 1660 
0:507 1413 1454 1877 
0:507 1413 1454 1480 
0:1010 1308 1413 1513 
0:886 1475 1568 1728 
0:34 886 1320 1570 
0:34 361 1518 1524 
0:34 352 1261 1524 
0:563 1043 1261 1524 
0:352 1308 1373 1727 
0:826 1031 1502 1704 
0:826 1502 1620 1704 
0:356 1502 1620 1704 
0:1043 1443 1539 1597 
0:1261 1308 1480 1539 
0:911 1261 1320 1509 
0:1216 1582 1647 1649 
0:351 352 357 1492 
0:351 352 1261 1492 
0:34 352 1308 1518 
0:34 357 358 1675 
0:351 357 358 1473 
0:365 1448 1647 1661 
0:34 357 363 365 
0:1030 1474 1478 1518 
0:356 361 362 1518 
0:1010 1308 1366 1513 
0:351 357 362 1476 
0:351 361 362 1476 
0:357 362 1474 1476 
0:361 362 1031 1474 
0:351 356 362 1504 
0:914 1236 1443 1623 
0:1236 1375 1443 1623 
0:1366 1568 1659 1678 
0:419 1649 1659 1678 
0:1649 1659 1678 1721 
0:1366 1472 1478 1659 
0:1472 1475 1478 1659 
0:1366 1472 1504 1659 
0:1472 1475 1504 1659 
0:507 1366 1558 1659 
0:419 1486 1649 1659 
0:419 1486 1568 1659 
0:419 1478 1649 1659 
0:826 914 1623 1721 
0:1042 1044 1584 1728 
0:357 914 1568 1728 
0:357 914 1623 1728 
0:357 419 1568 1728 
0:1261 1300 1558 2136 
0:507 1147 1558 1829 
0:1236 1375 1404 1623 
0:1478 1602 1623 1657 
0:1448 1593 2298 2299 
0:1187 1454 1478 1706 
0:507 1187 1454 1751 
0:801 1044 1375 1663 
0:801 1375 1454 1663 
0:801 1028 1044 1663 
0:1478 1582 1647 1649 
0:1031 1375 1502 1646 
0:1031 1375 1646 1858 
0:507 1147 1677 1829 
0:419 507 563 1478 
0:507 563 1366 1478 
0:356 1160 1305 1504 
0:826 914 1031 1478 
0:826 914 1451 1478 
0:914 1031 1478 1480 
0:1451 1486 1492 1568 
0:826 1451 1478 1603 
0:365 1177 1200 1829 
0:158 801 1044 1375 
0:361 1031 1375 1502 
0:1261 1316 1486 1492 
0:351 361 1308 1476 
0:1030 1031 1474 1478 
0:563 1478 1494 1602 
0:158 1019 1502 1620 
0:34 1395 1570 1709 
0:1366 1395 1570 1709 
0:419 717 826 1478 
0:1300 1478 1602 1619 
0:1019 1042 1044 1584 
0:357 419 826 1478 
85:2150 2151 2152 
85:2150 2151 2153 
0:387 531 2149 
86:395 396 2147 
87:1418 1419 1420 
88:292 947 2125 
89:69 2120 2121 
0:507 782 1427 
90:25 1481 2119 
91:782 1082 1432 
0:507 1436 1450 
92:1298 1437 1438 
93:82 465 2105 
94:465 2098 2101 
95:2041 2095 2508 
96:86 500 2095 
97:953 1961 2081 
97:953 2081 2563 
98:822 1961 2080 
99:1430 1881 2078 
100:2075 2076 2077 
63:2013 2068 2072 
101:2058 2700 2708 
102:269 449 2034 
103:92 2027 2029 
104:1215 1514 1515 
105:167 2014 2017 
106:310 2006 2008 
107:105 660 2003 
7:52 1984 1987 
108:1082 1542 1543 
109:241 1951 1975 
110:1972 1973 1974 
111:1937 1966 1967 
112:427 429 1958 
113:1555 1563 1564 
0:2233 2270 3070 
114:968 1944 1947 
115:1944 1945 1946 
39:1134 1934 1943 
116:101 1931 1942 
117:1939 1940 1941 
39:1932 1933 1935 
0:1695 1907 1908 
118:1901 1902 1903 
0:507 1392 1898 
0:1189 1885 1886 
0:507 1790 1883 
119:1020 1475 1879 
0:1576 1763 1860 
0:1439 1650 1857 
120:726 880 1856 
121:419 1733 1839 
122:1304 1630 1631 
123:717 1805 1806 
0:1574 1801 1802 
0:1505 1657 1798 
124:1141 1795 2203 
125:472 1696 1777 
126:2775 2866 2867 
127:911 1711 1714 
128:1698 1699 1700 
129:1664 1665 1666 
130:1249 1667 1668 
131:216 273 274 
132:276 846 934 
0:206 254 276 
133:58 59 60 
134:1570 2851 2854 
134:2851 2853 2854 
135:296 299 300 
136:296 297 298 
137:315 316 317 
76:3062 3063 3064 
0:1364 2271 3061 
0:2271 3060 3061 
138:3057 3058 3059 
139:1873 2837 3055 
140:1089 1279 2826 
141:1200 2845 3056 
142:2730 3037 3054 
143:382 2228 2229 
144:2951 3039 3048 
86:394 395 396 
145:3 176 592 
0:27 533 2819 
146:39 1280 2806 
112:426 427 429 
147:88 89 90 
148:439 440 441 
0:2181 2182 2794 
149:448 449 450 
150:610 2787 2788 
151:475 476 477 
152:515 516 517 
153:470 518 520 
0:109 110 111 
154:51 553 556 
155:2949 3022 3023 
156:1083 2420 2755 
157:228 582 2750 
158:65 243 570 
159:255 595 596 
160:597 598 599 
161:612 613 614 
162:617 618 621 
0:1872 3011 3014 
0:1871 2271 3006 
48:124 125 127 
0:1871 2962 2998 
163:2271 2845 3083 
0:1872 2860 2993 
0:1200 1280 2986 
164:228 2490 2716 
24:2707 2712 2713 
0:27 220 2703 
165:190 721 723 
166:30 1072 1335 
167:728 777 873 
0:466 472 730 
168:2940 2974 2975 
169:175 733 734 
170:25 2544 2698 
171:2284 2692 2693 
0:1620 2392 2689 
172:752 754 758 
173:801 1278 2680 
174:183 761 762 
0:1318 2932 2958 
175:2932 2936 2937 
0:2931 2933 2935 
176:116 774 775 
177:9 794 795 
0:361 1031 2660 
0:99 646 800 
178:815 883 884 
179:821 822 823 
180:359 2646 2647 
59:2209 2210 2644 
0:141 176 179 
0:141 179 180 
0:206 648 845 
181:43 44 45 
182:185 186 188 
183:759 882 923 
184:856 884 897 
185:989 2629 2630 
185:2628 2629 2630 
186:830 890 891 
187:895 2567 2603 
51:642 757 903 
188:783 910 911 
189:912 913 914 
190:916 917 918 
191:284 867 929 
192:933 1222 1223 
193:607 936 945 
194:937 939 950 
19:937 940 948 
195:965 966 967 
196:966 993 994 
197:607 974 976 
0:607 961 975 
198:970 980 981 
199:528 945 986 
200:950 984 992 
201:1002 1003 1004 
202:2596 2597 2598 
203:159 2585 2586 
204:2560 2561 2562 
205:2412 2550 2551 
206:447 2481 2536 
207:454 507 1075 
0:33 454 1077 
0:220 533 2527 
208:1092 1093 1094 
209:24 1109 1112 
210:2306 2487 2488 
211:407 1982 2468 
0:421 1659 2464 
212:1009 1168 1175 
213:1168 1179 1180 
0:1181 1182 1183 
0:1546 2438 2439 
214:687 2282 2404 
215:1214 1215 1216 
0:1082 1221 1540 
0:1231 1232 1233 
216:1241 1242 1243 
217:226 227 229 
217:226 228 229 
218:1708 2359 2360 
0:356 1581 2355 
219:50 52 53 
220:1389 2294 2310 
221:1173 1301 2289 
0:1305 1478 2273 
0:1305 1316 2269 
0:137 507 1329 
222:507 1346 1347 
0:507 782 1352 
0:419 1353 1354 
223:1168 1823 2208 
0:507 1863 2205 
224:1331 1403 2193 
0:531 533 2176 
0:1191 1593 2172 
225:1382 1385 1387 
226:396 2161 2163 
86:395 396 2155 
24:2713 2715 2719 
24:770 2690 2719 
24:770 2713 2719 
1:9 16 91 
227:31 35 38 
227:31 35 39 
27:46 47 49 
27:47 49 79 
228:59 755 817 
229:59 606 897 
230:60 580 807 
231:82 182 183 
83:55 57 88 
232:124 126 139 
29:124 133 134 
233:148 1989 2002 
0:140 153 161 
0:140 159 161 
234:163 164 165 
235:165 784 831 
236:166 170 173 
105:167 2012 2014 
237:97 167 592 
238:10 170 171 
239:141 175 181 
240:177 283 831 
241:141 177 178 
0:189 190 191 
242:77 193 2002 
243:194 216 1110 
0:195 196 200 
244:238 239 241 
245:265 1977 2499 
0:198 258 265 
246:32 265 326 
0:210 254 277 
0:278 279 282 
0:278 282 284 
247:293 294 295 
248:304 463 1977 
249:10 304 1481 
250:340 347 364 
250:347 348 364 
251:25 348 407 
36:375 376 378 
39:395 1917 1934 
86:395 396 406 
252:400 1134 1991 
253:426 430 432 
112:426 428 429 
254:445 2057 2534 
255:295 461 2531 
200:476 970 971 
200:476 971 972 
193:476 607 945 
0:464 520 2001 
256:534 1385 1700 
0:529 531 534 
0:284 537 732 
7:51 546 549 
7:51 549 551 
7:51 547 551 
257:9 558 1992 
0:29 530 610 
258:617 619 620 
259:324 484 619 
260:25 620 2491 
261:653 654 657 
261:653 655 657 
0:657 1484 1650 
262:506 671 816 
263:676 702 704 
264:181 673 676 
265:6 681 2512 
266:266 682 2634 
0:176 229 683 
0:176 683 684 
0:684 693 698 
0:684 695 698 
267:724 2001 2694 
228:755 817 819 
228:755 818 819 
268:738 763 764 
269:768 784 785 
53:181 767 768 
0:783 914 1544 
266:788 2510 2634 
266:266 788 2054 
266:266 788 2634 
0:99 797 802 
270:829 833 834 
271:840 1552 1559 
272:25 905 2028 
273:943 1281 2494 
194:937 945 950 
200:950 970 984 
200:970 971 984 
200:971 972 984 
0:484 1055 1058 
0:1055 1058 1062 
0:29 33 1062 
0:29 1055 1062 
0:358 1070 1071 
0:1029 1070 1071 
156:1083 2420 2447 
0:1100 1872 2995 
274:1111 1382 1384 
275:24 1091 1111 
0:36 358 1116 
0:36 948 1116 
276:1117 1118 1121 
277:719 948 1133 
0:1021 1031 1194 
0:351 1125 1197 
0:27 533 1250 
220:1251 1389 2294 
0:507 1258 1259 
0:507 914 1259 
0:1047 1273 1275 
0:361 1047 1275 
278:1135 1276 1277 
0:419 507 1293 
0:507 1123 1293 
0:507 1307 1743 
0:1330 1331 1332 
0:1330 1331 1333 
0:284 1331 1332 
279:362 1334 1335 
0:356 361 1341 
0:1343 1344 1345 
280:1382 1383 1386 
281:1386 2788 2801 
282:447 1386 1861 
0:137 1393 1394 
0:1393 1394 1395 
0:1267 1400 1401 
283:1267 1403 1404 
0:1188 1189 1416 
0:1202 1306 1522 
284:1531 1861 1891 
0:1572 1575 1576 
0:801 1402 1575 
0:1402 1575 1576 
0:365 1647 1653 
285:1697 2259 2261 
127:911 1711 1712 
0:826 828 1824 
286:1832 2220 2221 
0:419 1486 1837 
0:1492 1852 1855 
0:1419 1852 1853 
0:1419 1651 1853 
0:1651 1695 1853 
0:1492 1544 1855 
0:914 1863 1888 
0:507 1141 1900 
0:507 1850 1900 
287:324 1948 2490 
63:1955 2013 2068 
288:1959 1960 1962 
289:1986 1991 1992 
290:403 548 1986 
291:66 1981 1988 
0:464 469 1998 
0:73 464 2001 
0:70 72 2052 
292:106 2065 2066 
0:154 184 2086 
0:87 154 2086 
0:87 2086 2087 
0:216 567 2103 
293:159 465 2106 
293:159 701 2106 
0:1054 1272 2145 
0:1054 2145 2146 
0:361 1608 2190 
0:361 2190 2641 
294:1049 1304 2194 
295:2199 2280 2316 
0:36 358 2221 
285:2258 2259 2261 
0:1200 1305 2274 
296:1281 2275 3101 
296:1823 2275 3101 
0:1443 1529 2282 
0:1411 1467 2291 
0:1466 1467 2291 
0:1185 1833 2293 
297:2315 3090 3091 
0:563 1261 2338 
298:1108 1333 2340 
299:1502 2344 2347 
300:705 1759 2357 
0:131 137 2413 
0:1546 1548 2436 
0:1546 1628 2436 
0:507 917 2457 
24:2490 2498 2707 
24:159 2498 2707 
301:6 120 2511 
302:2057 2512 2553 
0:1434 2307 2581 
0:216 688 2631 
0:507 688 2631 
0:911 1685 2655 
0:2283 2329 2664 
303:355 2393 2667 
0:1044 2331 2669 
0:1261 1300 2673 
0:1060 1087 2779 
281:2788 2801 2802 
0:358 1068 2812 
0:358 1306 2812 
304:2859 2957 3017 
0:1872 2918 2944 
305:1364 2918 2978 
306:1319 2944 2946 
0:2944 2945 2951 
0:2932 2956 2957 
0:2967 2968 2979 
0:2271 2863 2972 
0:2271 2972 2973 
0:1279 1872 2995 
304:2949 2957 3017 
307:2893 3026 3028 
0:2728 2729 3033 
0:2271 2990 3039 
308:2992 3066 3081 
309:2335 3087 3096 
0:1448 1836 2294 
0:1836 2248 2294 
0:1261 1411 2292 
310:757 907 908 
310:907 908 2417 
51:642 738 757 
18:663 664 757 
311:699 2286 2380 
0:948 1862 2286 
0:1081 1086 1103 
0:29 1068 1081 
0:29 1081 1086 
0:29 1060 1087 
312:138 674 738 
0:36 358 1070 
0:36 1070 1073 
82:213 736 885 
0:115 648 736 
0:529 531 533 
313:529 530 535 
0:2146 2276 2277 
0:137 220 531 
314:535 822 2177 
0:1149 1151 1523 
0:131 137 1394 
0:131 1193 1394 
0:507 1149 1150 
0:704 735 927 
1:8 51 552 
0:1305 1677 2265 
79:149 2025 2026 
0:140 145 149 
39:248 1917 1935 
0:115 190 704 
0:1321 1365 2334 
0:1321 1365 2335 
0:1314 1315 1321 
0:1315 1321 2334 
0:1315 1321 2335 
0:27 157 2177 
0:27 999 2177 
0:2934 2969 3052 
0:2931 2933 2934 
1:8 51 93 
49:162 183 852 
0:176 684 697 
0:176 684 693 
0:563 1779 1884 
0:1304 1448 2196 
0:413 1173 1811 
0:362 1474 1811 
315:77 123 664 
0:507 688 689 
316:1377 1541 2213 
0:27 220 2213 
83:55 56 123 
39:337 1934 1935 
0:1402 1576 1763 
0:914 1663 1763 
0:699 701 2614 
0:699 927 2614 
0:507 1576 1748 
0:1264 1267 1402 
0:489 782 1264 
0:782 1264 1402 
53:218 772 852 
53:218 767 772 
0:138 284 2559 
0:284 1113 2559 
0:1257 1267 1400 
304:2860 2949 2957 
0:1872 2931 2932 
0:1872 2931 2933 
0:351 361 1125 
0:361 362 2643 
0:362 2643 2649 
0:2299 2390 2649 
0:361 1124 1306 
0:36 1124 1306 
0:25 921 2417 
0:1365 2334 2988 
317:324 354 447 
0:1279 2932 2957 
0:176 805 830 
0:176 565 804 
0:1404 1450 1781 
0:1450 1778 1781 
318:134 2066 2092 
0:1827 2969 3051 
0:1322 2271 3052 
0:1022 2245 2305 
75:380 2538 2553 
75:467 2538 2553 
0:1499 1817 2930 
75:334 379 380 
319:1729 2354 2411 
0:908 1419 2411 
53:176 506 767 
0:914 1404 2408 
1:5 7 54 
320:362 1091 1161 
0:1546 1627 2321 
321:112 117 118 
0:1451 1603 2681 
0:801 908 2681 
0:31 33 36 
322:442 443 447 
0:1097 1098 1280 
0:1095 1096 1097 
0:1095 1097 1098 
0:1095 1098 1099 
0:914 1652 1897 
0:507 1402 1576 
0:1706 1750 1751 
0:1706 1750 1840 
0:34 1162 1709 
0:34 1162 1163 
0:1059 1148 1153 
0:911 1045 1153 
0:1057 1059 1148 
0:2183 2184 3037 
0:1365 3003 3037 
0:2242 3003 3024 
0:2730 3015 3028 
0:1318 2962 3028 
0:1086 1404 1540 
0:1082 1086 1540 
323:67 184 467 
0:356 419 1699 
0:1319 2181 2942 
0:2270 2804 2945 
0:2804 2944 2945 
0:951 2270 2961 
0:951 1818 2961 
0:507 801 1460 
0:351 1287 1460 
0:419 421 1659 
0:421 914 1659 
0:357 419 421 
0:2969 2988 3005 
0:1827 2893 2969 
0:1433 1434 2307 
80:11 699 2124 
0:14 1183 1272 
0:363 489 507 
0:472 489 507 
0:489 507 782 
0:1305 1474 1818 
0:951 1305 1818 
0:1271 1414 1846 
0:507 782 1392 
0:507 1149 1392 
0:507 1388 1392 
0:1305 1820 2171 
0:1345 1635 2195 
0:1348 1746 1810 
0:1488 1746 1810 
0:1721 1746 1810 
0:1746 1810 1812 
0:1474 1810 1812 
0:684 699 701 
0:214 565 684 
0:20 26 27 
0:20 24 26 
0:1323 1870 1872 
0:1099 1314 1323 
0:825 1467 2238 
0:825 1448 2238 
0:1804 2233 2257 
0:1577 2233 2257 
0:1365 2988 3005 
0:361 1814 2262 
0:2271 2960 2990 
0:1375 1396 2308 
0:1032 1046 2671 
0:357 1046 2671 
0:357 1612 2671 
0:1297 1871 1872 
0:1296 1297 1872 
0:1451 1492 2332 
0:2242 3003 3015 
0:1871 2242 3003 
0:1043 1443 2362 
0:505 1770 1771 
0:1253 1568 1840 
0:507 1402 1762 
0:507 1745 1762 
0:1232 1233 1433 
0:1318 1871 3008 
0:1099 1871 3008 
0:1479 1792 2401 
0:361 1202 1306 
0:361 1202 1478 
0:1509 1708 2432 
0:1448 2299 2300 
0:365 1176 2815 
0:1146 1390 2815 
0:1872 2953 2962 
0:1320 2233 2962 
0:1871 2233 2962 
0:1318 1320 2962 
0:260 472 777 
0:87 99 777 
0:1570 2959 2960 
0:507 1782 2309 
0:361 1433 2309 
0:507 917 1626 
0:507 1149 1626 
0:361 1502 2327 
0:914 1745 1779 
0:36 507 1745 
0:34 1123 1290 
0:507 1123 1290 
0:507 1287 1862 
0:1050 1440 1443 
0:1008 1050 1054 
0:1050 1054 1443 
0:128 1424 1454 
0:507 1141 1193 
48:124 125 138 
324:87 124 135 
0:34 1123 1294 
0:1073 1191 1476 
0:1191 1476 1502 
0:1191 1476 1593 
0:1322 1827 2893 
0:27 1185 2893 
0:2373 2730 3012 
0:1872 1873 3012 
0:507 1140 1147 
0:507 1140 1141 
0:1059 1184 1680 
0:1059 1371 1680 
0:1082 1132 1541 
0:1132 1541 1690 
0:1261 1347 1913 
0:362 1476 1731 
0:914 1910 2365 
0:362 914 1910 
0:357 1147 2223 
0:357 1611 2223 
0:1144 1147 1869 
0:1318 2728 2804 
0:174 640 644 
0:34 880 2180 
0:34 1316 2180 
0:34 1709 2180 
0:1454 1913 2380 
0:1322 2271 3007 
0:1320 1322 2233 
0:1318 1322 3007 
0:1448 2239 2299 
0:349 1009 1166 
0:40 1314 1319 
0:40 1319 2181 
0:40 1319 2271 
0:349 1009 1167 
0:1314 1317 1318 
0:1146 1147 2415 
0:1146 1279 2415 
0:914 1230 1652 
0:507 914 1230 
0:507 1230 1550 
0:34 419 880 
0:914 1863 1866 
0:507 1187 1863 
0:1443 1468 1655 
0:1121 1305 2169 
325:1190 1388 1389 
0:827 1483 1734 
0:351 563 1410 
0:361 948 1862 
0:801 917 1411 
0:1366 1560 1816 
0:1474 1678 1819 
0:1570 1678 1819 
0:1492 1570 1819 
0:27 533 961 
0:29 33 454 
0:507 1014 1149 
0:1305 1421 1456 
0:507 1421 1456 
0:1375 1424 1454 
0:1375 1424 1758 
0:1147 1316 1831 
0:507 1014 1441 
0:507 1377 1441 
0:362 719 1128 
0:27 358 1128 
0:1517 1524 1913 
0:1019 1038 1586 
0:357 1556 1623 
0:1552 1555 1558 
0:33 36 358 
0:1306 2141 2233 
0:1364 1365 1871 
0:1365 1827 1871 
0:1365 1815 1827 
0:1443 1468 2224 
0:284 1331 1333 
0:284 507 1333 
0:118 140 147 
0:717 2256 2403 
0:137 1402 1422 
0:137 507 1402 
0:131 137 1316 
0:137 1302 1316 
0:131 1314 1316 
0:1314 1315 1316 
0:1804 1829 2271 
0:1305 1677 2271 
0:25 911 1492 
0:25 284 699 
0:131 1316 2415 
0:1048 1200 1279 
0:40 1279 2415 
0:1268 1274 1350 
0:1052 1268 1272 
0:1183 1268 1272 
0:1294 1520 2363 
0:507 563 2378 
0:507 1454 2378 
0:828 1584 2431 
0:801 1044 2437 
0:358 1181 1184 
0:358 1059 1184 
0:351 358 1184 
0:114 198 257 
0:365 1104 1105 
0:358 1057 1059 
0:99 797 801 
0:99 115 646 
0:827 917 1483 
0:118 284 699 
0:214 216 565 
0:214 260 565 
0:472 914 1779 
0:472 507 914 
0:472 507 563 
0:72 464 469 
0:73 213 464 
0:34 563 1666 
0:34 1544 1666 
0:1132 1366 1690 
0:196 198 214 
0:419 1649 1705 
0:36 358 1705 
0:914 1663 1743 
0:365 1768 1769 
0:914 1305 1779 
0:1099 1871 2233 
0:797 1024 1037 
0:349 1024 1181 
0:361 1370 1876 
0:1448 1644 1836 
0:1054 1825 2297 
0:1448 1464 2297 
0:1054 1448 2297 
0:1025 1366 2297 
0:1025 2225 2297 
0:2225 2254 2283 
0:351 2225 2254 
0:1308 1448 2254 
0:1315 1316 1357 
0:1261 1315 1509 
0:741 1375 1758 
0:741 914 1446 
0:741 1372 1375 
0:507 741 914 
0:361 563 2281 
0:914 1651 1695 
0:359 363 1183 
0:361 1366 1737 
0:1539 1584 2429 
0:1584 2429 2430 
0:1492 1553 1558 
0:1018 1663 2283 
0:797 801 1018 
0:1031 1659 1707 
0:801 908 1419 
0:908 1419 1678 
0:1582 1585 1695 
0:914 1119 1695 
0:1478 1822 2354 
0:914 1478 2354 
0:284 507 782 
0:1483 1530 1721 
0:1261 1483 1530 
0:827 1261 1483 
0:507 1482 1562 
0:357 1456 1482 
0:2146 2298 2392 
0:782 1402 1422 
0:1402 1422 1689 
0:1021 1327 1468 
0:914 1021 1031 
0:1008 1051 1054 
0:361 797 1008 
0:27 358 1185 
0:349 361 1190 
0:356 419 1833 
0:717 1709 2403 
0:1509 1709 2403 
0:1509 1520 2403 
0:717 951 2403 
0:361 1274 1502 
0:361 1274 1350 
0:1303 1304 1308 
0:1010 1303 1305 
0:1010 1303 1308 
0:361 1303 1306 
0:361 1303 1308 
0:717 1306 2233 
0:36 358 1306 
0:1031 1366 2266 
0:914 1305 2266 
0:507 1354 1504 
0:356 419 1354 
0:1509 1524 2202 
0:1187 2191 2251 
0:914 2191 2251 
0:1396 1433 2188 
0:1350 1396 1877 
0:413 1052 1443 
0:1472 1670 1702 
0:361 1813 1862 
0:507 801 1862 
0:357 1562 1623 
0:205 206 642 
0:365 1815 1827 
0:361 1524 1825 
0:1052 1443 1825 
0:1054 1299 1825 
0:1054 1304 1448 
0:1054 1448 1530 
0:825 1054 1443 
0:1031 1054 1443 
0:1054 1443 1530 
0:1031 1053 1646 
0:1053 1642 1646 
0:361 1031 1053 
0:1031 1048 1261 
0:361 1121 1305 
0:419 1706 1840 
0:507 1187 1345 
0:1462 1468 1751 
0:825 1443 1468 
0:361 1467 1524 
0:825 1448 1464 
0:36 358 1009 
0:27 358 1009 
0:1443 1529 1530 
0:1045 1691 1814 
0:1305 1512 1523 
0:1448 1518 1644 
0:34 1073 1555 
0:797 1014 1031 
0:1504 1505 1657 
0:1505 1623 1657 
0:351 1503 1504 
0:1448 1501 1518 
0:1030 1501 1502 
0:356 719 1366 
0:1036 2138 2463 
0:2138 2394 2463 
0:1044 2285 2463 
0:1187 1488 2251 
0:1366 1488 2251 
0:361 1366 1488 
0:356 1366 2251 
0:1375 1404 1784 
0:1304 1448 1659 
0:1261 1302 1316 
0:34 36 358 
0:2390 2430 2672 
0:34 363 1650 
0:34 1294 1678 
0:349 1031 1360 
0:1031 1360 1524 
0:349 352 1360 
0:1350 1375 1858 
0:1350 1858 1877 
0:1043 1350 1524 
0:1043 1350 1544 
0:1031 1400 1504 
0:34 1516 1523 
0:34 1045 1517 
0:1530 1532 1728 
0:914 1448 1530 
0:1187 1484 1660 
0:1045 1544 1660 
0:507 1568 1790 
0:1568 1685 1790 
0:1305 1413 1877 
0:1308 1413 1480 
0:1454 1858 1877 
0:826 1479 1792 
0:1031 1375 1758 
0:365 1677 1717 
0:355 1032 1718 
0:1032 1479 1718 
0:351 1479 1718 
0:357 827 1491 
0:1373 1568 1727 
0:1373 1376 1568 
0:1308 1373 1471 
0:158 1035 1373 
0:158 1373 1375 
0:798 1376 1494 
0:798 1031 1376 
0:357 363 827 
0:507 1045 1456 
0:1472 1504 1704 
0:797 801 1043 
0:357 911 1685 
0:911 1261 1685 
0:1031 1160 2130 
0:352 1492 1544 
0:352 362 1518 
0:34 352 1481 
0:358 717 1473 
0:1309 1568 1727 
0:1308 1366 1727 
0:363 507 1480 
0:363 365 1647 
0:349 797 1040 
0:357 362 1486 
0:357 362 914 
0:1375 1443 1706 
0:34 1568 1755 
0:914 1558 2136 
0:717 1657 1754 
0:563 1236 1657 
0:1031 1448 1858 
0:361 1187 1478 
0:914 1454 1663 
0:365 1478 1647 
0:365 1544 1647 
0:507 1366 1374 
0:914 1305 1544 
0:419 801 1486 
0:801 1261 1486 
0:419 717 1486 
0:828 1478 1480 
0:1025 1031 1366 
0:797 1030 1031 
0:351 801 1025 
0:361 563 797 
0:361 797 1017 
0:1300 1619 2136 
0:1594 2138 2394 
0:419 801 1685 
0:1019 1584 1620 
0:357 1044 1046 
