0:357 826 828 1135 1160 1471 1476 1478 1479 1494 1580 1582 1583 1584 1585 1588 1589 1590 1591 1592 1593 1594 1595 1596 1597 1598 1599 1600 1601 1602 1603 1604 1605 1606 1607 1608 1609 1610 1611 1612 1613 1614 1615 1616 1617 1618 1619 1620 1621 1622 1623 1624 
0:1041 1042 1044 1582 1590 1591 1592 1593 1594 1597 1598 1603 1605 1606 1607 1610 1613 1615 1616 1617 2283 2298 2299 2390 2391 2392 2393 2394 
0:357 1044 1160 1582 1583 1584 1590 1591 1592 1593 1594 1596 1597 1598 1603 1605 1606 1607 1608 1609 1610 1613 1615 1616 1617 1621 1622 1623 
0:1479 1494 1580 1582 1590 1591 1592 1593 1594 1597 1598 1599 1603 1604 1605 1606 1607 1610 1612 1613 1614 1615 1616 1617 1619 1623 2283 
0:34 357 365 419 1016 1098 1104 1147 1177 1305 1309 1316 1357 1395 1474 1568 1675 1676 1677 1678 1679 1683 1685 1686 1687 1688 
0:158 797 801 1011 1012 1017 1019 1020 1025 1026 1027 1028 1032 1033 1034 1035 1036 1037 1038 1039 1040 1041 1042 1044 1046 
0:1044 1582 1590 1591 1592 1593 1594 1597 1598 1603 1605 1606 1607 1608 1610 1613 1615 1616 1617 2298 2299 2391 2394 
0:828 1479 1582 1590 1591 1592 1593 1594 1597 1598 1603 1605 1606 1607 1608 1609 1610 1613 1615 1616 1617 1619 2299 
0:1042 1044 1582 1584 1590 1591 1592 1593 1594 1597 1598 1603 1605 1606 1607 1610 1613 1615 1616 1617 2393 
0:1044 1582 1590 1591 1592 1593 1594 1597 1598 1603 1605 1606 1607 1608 1609 1610 1613 1615 1616 1617 2299 
0:1479 1582 1590 1591 1592 1593 1594 1597 1598 1603 1605 1606 1607 1610 1613 1615 1616 1617 1619 2283 2299 
0:1044 1582 1590 1591 1592 1593 1594 1597 1598 1603 1605 1606 1607 1610 1613 1615 1616 1617 1623 2283 
0:1582 1590 1591 1592 1593 1594 1597 1598 1603 1605 1606 1607 1610 1613 1615 1616 1617 1620 2392 
0:1036 1479 1494 1580 1589 1592 1593 1594 1595 1596 1599 1604 1606 1609 1614 1615 1619 1620 
0:34 365 563 1261 1300 1309 1320 1472 1478 1509 1513 1602 1676 1703 1706 1708 1709 
0:40 356 717 951 1099 1200 1261 1305 1320 1366 1374 1492 1523 1570 1797 2233 2270 
1:240 1187 1188 1189 1375 1454 1638 1639 1640 1642 1643 1646 1663 1706 1751 1858 
0:914 1119 1236 1299 1404 1558 1623 1648 1652 1657 1659 1721 1728 1753 1754 1755 
0:717 1016 1030 1045 1104 1305 1422 1470 1471 1472 1473 1474 1475 1477 1478 1481 
0:1027 1028 1038 1040 1042 1587 1590 1598 1607 1613 1656 2134 2136 2299 2416 
0:158 799 1012 1036 1587 1589 1594 1595 1620 2134 2135 2136 2137 2138 
0:1580 1589 1590 1593 1594 1595 1598 1599 1607 1613 1614 1619 1620 2136 
0:1036 1479 1494 1580 1592 1593 1594 1599 1604 1606 1614 1615 1619 2283 
0:886 1010 1376 1395 1475 1484 1486 1565 1566 1567 1568 1569 1570 
0:365 1147 1261 1300 1492 1558 1683 1708 1769 1826 1827 1828 1829 
0:351 361 365 1261 1300 1308 1473 1480 1715 1716 1717 1718 1719 
2:11 115 125 190 191 206 215 216 640 642 644 646 648 
0:158 799 1011 1032 1039 1160 1479 1580 2129 2130 2131 2132 2133 
0:357 911 1030 1045 1320 1456 1473 1484 1485 1486 1489 1491 1492 
0:1216 1236 1448 1450 1451 1452 1486 1647 1648 1649 1652 1659 1661 
0:1036 1580 1593 1594 1599 1614 1619 1868 2136 2283 2329 2330 2331 
0:40 356 365 717 1099 1200 1261 1305 1320 1366 1492 1523 1797 
0:1038 1041 1042 1044 1590 1592 1598 1605 1607 1613 1615 2298 2299 
0:34 357 365 419 1016 1104 1305 1309 1316 1474 1478 1568 1676 
3:34 352 1294 1360 1516 1517 1518 1519 1520 1521 1524 1525 
0:347 349 351 352 353 354 355 357 358 359 362 363 
0:1119 1532 1568 1648 1657 1728 1755 1790 1791 1792 1793 1794 
0:34 365 1261 1305 1309 1320 1472 1478 1509 1513 1602 1676 
0:1036 1479 1494 1580 1589 1593 1594 1595 1599 1604 1620 2137 
0:1580 1590 1593 1594 1598 1599 1607 1613 1614 1619 2136 2283 
0:1027 1028 1038 1040 1041 1042 1044 1590 1598 1607 1613 2299 
4:825 1327 1377 1461 1462 1463 1464 1465 1466 1467 1468 
1:1188 1189 1502 1634 1636 1637 1638 1640 1642 1643 1646 
0:158 1044 1375 1443 1502 1529 1597 1623 2283 2284 2285 
0:1010 1305 1400 1413 1472 1504 1508 1509 1510 1512 1513 
5:526 1014 1031 1367 1368 1370 1371 1372 1373 1375 1376 
1:1187 1188 1189 1636 1638 1639 1640 1642 1643 1646 1706 
0:356 798 1031 1366 1452 1478 1648 1657 1659 1758 1791 
0:1032 1036 1479 1494 1580 1593 1594 1604 2137 2283 2328 
0:1032 1036 1479 1580 1593 1594 1604 2131 2137 2283 2328 
0:158 799 1036 1479 1587 1589 1594 1595 1620 2137 2138 
0:158 1012 1027 1028 1036 1038 1040 1042 1587 2134 2136 
0:1587 1589 1590 1594 1595 1598 1607 1613 1620 2134 2136 
0:1471 1479 1587 1589 1590 1594 1595 1598 1607 1613 1620 
0:1036 1580 1589 1593 1594 1595 1599 1614 1619 1620 2136 
0:1027 1038 1041 1042 1044 1590 1598 1607 1613 2298 2299 
0:158 1160 1478 1479 1580 1589 1594 1595 1597 1620 1623 
0:1036 1041 1042 1044 1592 1593 1594 1606 1615 2283 2299 
0:34 365 1045 1163 1357 1474 1702 1813 1814 1815 
0:419 507 1147 1304 1555 1558 1659 1834 1840 1842 
0:363 827 1048 1200 1261 1298 1299 1300 1301 1302 
0:563 798 1342 1366 1493 1494 1495 1496 1498 1499 
6:195 196 198 199 203 204 205 206 208 210 
0:507 914 1454 1478 1480 1536 1568 1746 1812 1850 
0:914 1236 1257 1445 1446 1447 1448 1450 1451 1452 
7:507 1374 1562 1623 1720 1721 1722 1723 1724 1725 
0:1475 1504 1568 1648 1659 1726 1727 1728 1729 1730 
0:419 563 717 1474 1478 1657 1706 1820 1821 1822 
1:1188 1189 1634 1636 1638 1639 1640 1642 1643 1646 
0:1580 1593 1594 1599 1605 1609 1614 1618 1619 2331 
0:717 1016 1305 1366 1422 1471 1472 1473 1474 1478 
0:365 563 717 1261 1309 1320 1472 1478 1706 1709 
0:34 365 563 1309 1472 1474 1478 1602 1676 1706 
0:34 365 1016 1104 1305 1309 1472 1474 1676 1678 
0:34 365 1016 1104 1305 1309 1472 1474 1478 1676 
0:365 717 1016 1045 1104 1305 1472 1473 1474 1478 
0:357 1016 1030 1045 1104 1305 1471 1473 1474 1478 
0:356 365 717 1261 1305 1320 1366 1473 1478 1523 
0:356 365 717 1261 1305 1320 1366 1473 1492 1523 
0:356 365 717 1200 1261 1305 1320 1366 1478 1523 
0:34 365 1147 1261 1305 1309 1316 1676 1683 1685 
0:357 1160 1479 1580 1593 1594 1595 1599 1604 2131 
0:1036 1479 1580 1593 1594 1595 1599 1604 2131 2137 
0:1036 1479 1580 1593 1594 1599 1604 2131 2137 2283 
0:158 799 1036 1479 1580 1589 1594 1595 1620 2137 
0:158 799 1036 1580 1589 1594 1595 1620 2136 2137 
0:1036 1580 1589 1593 1594 1595 1599 1620 2136 2137 
0:1036 1479 1494 1580 1593 1594 1599 1604 2137 2283 
0:1027 1028 1036 1038 1040 1042 1587 2134 2136 2299 
0:1042 1587 1590 1594 1598 1607 1613 2134 2136 2299 
0:1042 1590 1593 1594 1598 1607 1613 2136 2283 2299 
0:1590 1593 1594 1598 1607 1613 1619 2136 2283 2299 
0:1028 1041 1042 1044 1590 1598 1607 1613 2283 2299 
0:1036 1479 1592 1593 1594 1606 1615 1619 2283 2299 
0:1036 1479 1592 1593 1594 1606 1609 1615 1619 2299 
0:1038 1471 1479 1590 1592 1598 1605 1607 1613 1615 
0:1038 1479 1590 1592 1598 1605 1607 1613 1615 2299 
0:34 357 365 1305 1309 1395 1474 1602 1676 1678 
8:64 68 69 70 72 73 75 76 77 
1:1331 1345 1634 1636 1639 1640 1641 1644 1645 
1:1345 1636 1639 1640 1641 1644 1836 2248 2249 
9:118 147 178 280 281 284 600 601 602 
0:507 1014 1141 1396 1454 1800 1849 2188 2189 
10:801 1018 1486 1546 1548 1663 2321 2322 2323 
0:1031 1043 1261 1442 1480 1524 1537 1538 1539 
6:198 203 210 228 251 254 257 263 267 
0:347 349 350 351 356 360 361 363 365 
0:1034 1036 1044 1592 1596 1606 1609 2463 2672 
0:34 361 1073 1305 1350 1523 1544 1678 1877 
0:347 349 351 355 358 359 361 362 363 
0:914 1236 1448 1450 1451 1452 1648 1652 1659 
0:1236 1404 1450 1451 1647 1648 1649 1652 1659 
0:351 356 361 363 365 1261 1300 1308 1480 
0:1580 1593 1594 1599 1614 1617 1619 1868 2283 
0:365 419 563 717 1309 1474 1478 1706 1822 
0:1036 1580 1593 1594 1599 2131 2137 2283 2329 
0:1036 1580 1593 1594 1599 2136 2137 2283 2329 
0:1036 1580 1593 1594 1599 1609 1614 1619 2331 
0:1580 1593 1594 1599 1605 1614 1619 2283 2331 
0:1478 1580 1593 1594 1599 1612 1614 1619 2330 
0:1580 1593 1594 1599 1612 1614 1619 2283 2330 
1:1188 1189 1375 1502 1638 1640 1642 1643 1646 
0:34 1016 1045 1104 1305 1472 1474 1478 1481 
0:1032 1160 1479 1494 1580 1593 1594 1604 2328 
0:1032 1160 1479 1580 1593 1594 1604 2131 2328 
0:356 361 365 1261 1300 1308 1473 1478 1480 
0:351 356 361 365 1261 1300 1308 1473 1480 
0:1016 1045 1305 1422 1470 1471 1474 1476 1478 
0:365 563 717 1261 1320 1366 1472 1478 1709 
0:365 563 1261 1320 1366 1472 1478 1513 1709 
0:34 365 419 563 1309 1474 1478 1676 1706 
0:34 365 1305 1309 1472 1474 1602 1676 1678 
0:34 365 1016 1045 1104 1305 1472 1474 1478 
0:365 717 1016 1104 1305 1309 1472 1474 1478 
0:365 717 1016 1305 1366 1472 1473 1474 1478 
0:34 365 1305 1309 1472 1474 1478 1602 1676 
0:365 717 1261 1305 1320 1366 1472 1473 1478 
0:365 1261 1305 1320 1366 1472 1473 1478 1513 
0:717 1030 1045 1305 1320 1471 1472 1473 1478 
0:357 365 1016 1045 1104 1305 1473 1474 1478 
0:356 361 365 1261 1305 1366 1473 1478 1523 
0:356 365 1261 1305 1320 1366 1473 1478 1513 
0:357 365 1016 1147 1305 1316 1492 1568 1683 
0:826 1160 1476 1478 1502 1597 1605 1620 1623 
0:34 365 1147 1261 1300 1309 1676 1683 1708 
0:34 357 365 1016 1045 1104 1305 1357 1474 
0:34 357 365 1016 1045 1104 1305 1474 1478 
0:365 419 717 1016 1104 1305 1309 1474 1478 
0:34 357 365 1305 1309 1320 1478 1602 1676 
0:365 1016 1305 1357 1366 1395 1474 1568 1678 
0:158 799 1011 1032 1036 1039 1479 1580 2131 
0:158 799 1032 1036 1479 1580 1594 2131 2137 
0:158 799 1036 1479 1580 1594 1595 2131 2137 
0:158 1032 1036 1479 1580 1594 2131 2137 2283 
0:158 799 1032 1036 1479 1594 2131 2137 2138 
0:158 799 1036 1479 1594 1595 2131 2137 2138 
0:158 799 1012 1032 1036 1594 2135 2137 2138 
0:1036 1479 1589 1594 1595 1604 1620 2137 2138 
0:828 1584 1589 1591 1594 1595 1619 1620 2135 
0:799 828 1160 1479 1580 1589 1594 1595 1620 
0:158 799 1160 1479 1580 1589 1594 1595 1620 
0:828 1479 1589 1594 1595 1604 1620 1624 2138 
0:1028 1042 1590 1598 1607 1613 2136 2283 2299 
0:1027 1028 1036 1038 1040 1041 1042 1044 2299 
0:1032 1160 1479 1494 1580 1593 1594 1604 1612 
0:1032 1479 1494 1580 1593 1594 1604 1612 2283 
0:1036 1044 1592 1593 1594 1596 1606 1609 1615 
0:1036 1044 1592 1593 1594 1606 1609 1615 2299 
0:34 357 365 1305 1309 1474 1478 1602 1676 
11:1292 1544 1579 1666 2139 2141 2142 2143 
12:507 1345 1545 1546 1547 1548 1549 1550 
13:419 782 801 1119 1354 1425 1426 1430 
14:4 5 6 7 8 9 10 11 
15:23 24 29 530 1055 1056 1057 1059 
16:24 26 1104 1105 1106 1107 1108 1113 
17:112 114 115 116 119 120 121 122 
18:113 260 472 561 562 563 566 568 
19:261 462 464 466 467 468 469 472 
0:40 1098 1099 1147 1172 1316 2415 2816 
0:1404 1419 1451 1478 1647 1649 1651 1654 
20:914 1450 1778 1779 1780 1783 1784 1785 
6:195 196 197 198 199 205 206 210 
21:361 1052 1174 1272 1825 2279 2280 2281 
5:358 361 362 1059 1155 1185 1370 1371 
0:1474 1478 1602 1657 1809 1820 1822 1823 
0:27 1009 1098 1132 1171 1172 1176 1177 
1:361 1121 1187 1433 1488 1784 2188 2215 
22:1030 1377 1379 1484 1489 1501 1518 1650 
0:507 914 1454 1478 1480 1744 1746 1850 
0:356 1308 1366 1471 1473 1478 1513 1581 
0:1366 1504 1568 1648 1659 1726 1727 1728 
0:357 1030 1045 1305 1320 1456 1473 1492 
0:914 1236 1404 1450 1451 1648 1652 1659 
0:563 1474 1478 1602 1657 1706 1820 1822 
0:34 361 363 365 1261 1300 1308 1480 
0:365 419 717 1305 1309 1474 1478 1822 
0:365 563 1309 1474 1478 1602 1706 1822 
0:1119 1568 1648 1657 1659 1728 1755 1791 
0:356 1031 1366 1504 1648 1657 1659 1791 
0:1366 1504 1568 1648 1657 1659 1728 1791 
0:914 1119 1568 1648 1657 1659 1728 1755 
0:34 365 1305 1395 1544 1602 1676 1678 
0:34 361 365 1261 1300 1308 1478 1480 
0:356 365 1261 1300 1308 1473 1478 1513 
0:356 361 365 1261 1308 1366 1473 1478 
0:356 365 1261 1308 1366 1473 1478 1513 
0:365 563 717 1309 1472 1474 1478 1706 
0:40 365 1099 1147 1261 1305 1316 1492 
0:365 717 1045 1305 1320 1472 1473 1478 
0:365 717 1261 1305 1309 1320 1472 1478 
0:365 1261 1300 1320 1472 1473 1478 1513 
0:717 1305 1320 1366 1471 1472 1473 1478 
0:1305 1320 1366 1471 1472 1473 1478 1513 
0:357 1030 1045 1305 1320 1471 1473 1478 
0:356 717 1305 1320 1366 1471 1473 1478 
0:365 717 1045 1305 1320 1473 1478 1523 
0:356 1305 1320 1366 1471 1473 1478 1513 
0:365 717 1045 1305 1320 1473 1492 1523 
0:356 365 1261 1300 1320 1473 1478 1513 
0:356 365 1261 1305 1320 1478 1513 1676 
0:356 365 1261 1300 1320 1478 1513 1676 
0:356 365 1200 1261 1300 1320 1492 1797 
0:365 717 1045 1200 1305 1320 1492 1523 
0:34 365 1261 1305 1309 1316 1478 1676 
0:365 717 1200 1261 1320 1366 1478 1709 
0:365 717 1045 1200 1305 1320 1478 1523 
0:357 1016 1045 1305 1471 1474 1476 1478 
0:34 40 365 1098 1147 1177 1305 1316 
0:158 799 1160 1479 1580 1594 1595 2131 
0:158 799 1032 1160 1479 1580 1594 2131 
0:1032 1036 1479 1594 1604 2131 2137 2138 
0:1036 1479 1594 1595 1604 2131 2137 2138 
0:158 1012 1036 1042 1587 1594 2134 2136 
0:1036 1589 1594 1595 1619 1620 2135 2136 
0:799 828 1589 1594 1595 1620 2135 2138 
0:799 828 1479 1589 1594 1595 1620 2138 
0:1038 1471 1479 1587 1590 1598 1607 1613 
0:1038 1479 1587 1590 1598 1607 1613 2299 
0:1479 1587 1590 1594 1598 1607 1613 2299 
0:801 1036 1037 1038 1041 1042 1044 1615 
0:158 1011 1032 1033 1036 1038 1039 1479 
0:158 1012 1032 1036 1041 1042 1044 1594 
0:158 1032 1036 1041 1042 1044 1594 2283 
0:158 1028 1032 1036 1041 1042 1044 2283 
0:1032 1036 1041 1042 1044 1593 1594 2283 
0:158 1041 1042 1044 1594 1597 2283 2298 
0:1036 1038 1041 1042 1044 1592 1615 2299 
0:357 1160 1305 1471 1474 1476 1478 1602 
8:68 72 73 75 154 2092 2093 
23:6 96 97 99 102 103 105 
24:533 607 960 961 962 963 964 
18:106 113 216 255 562 565 567 
25:1483 1485 1530 1561 1737 1738 1740 
26:321 334 335 336 337 338 339 
1:1187 1188 1189 1190 1784 1886 2326 
27:138 278 280 281 283 284 285 
28:25 95 203 267 699 920 921 
29:1236 1375 1424 1757 1759 1760 1761 
30:1274 1500 1501 1502 1503 1504 1505 
31:349 361 797 1023 1024 1029 1031 
32:258 259 261 462 463 465 470 
33:25 243 284 579 580 582 583 
34:1140 1142 1143 1144 1145 1146 1147 
35:351 801 1242 1261 1685 1862 2252 
1:1331 1345 1634 1635 1636 1639 1644 
5:1031 1367 1368 1369 1372 1373 1374 
36:563 1524 1913 2345 2377 2378 2379 
37:350 351 1025 1656 1974 2224 2225 
38:87 118 140 151 152 154 155 
0:356 1305 1359 1732 1791 1820 2263 
39:719 908 1294 1366 1678 2363 2365 
0:717 1366 1422 1486 1670 1690 1692 
1:1188 1189 1190 1784 1876 1886 2174 
6:198 199 203 206 208 210 254 
0:27 40 1098 1099 1185 2181 2182 
40:349 361 413 1009 1013 1173 1174 
0:1023 1304 1308 1448 1494 1498 1593 
0:34 36 365 1147 1357 1395 1678 
0:1584 1591 1596 1611 1612 1615 2430 
0:1362 1605 1606 1608 1615 2298 2299 
0:350 351 356 361 363 365 1261 
0:347 349 351 356 361 362 363 
0:1017 1028 1033 1036 1044 1046 2277 
0:40 365 1098 1099 1200 1305 1804 
0:40 1099 1200 1305 1570 1804 2233 
0:1119 1648 1657 1721 1728 1755 1793 
0:356 419 717 1305 1478 1820 1822 
0:419 717 1305 1474 1478 1820 1822 
0:356 419 717 1478 1657 1820 1822 
0:158 799 1032 1479 2131 2133 2138 
0:1036 1042 1593 1594 1868 2136 2283 
0:365 419 1098 1305 1309 1474 1822 
0:365 1305 1309 1474 1478 1602 1822 
0:356 365 419 717 1305 1478 1822 
0:34 361 365 1300 1308 1478 1518 
0:356 361 365 1300 1308 1478 1518 
0:1366 1478 1568 1648 1657 1659 1791 
0:1044 1593 1594 1605 2283 2298 2331 
0:1032 1036 1580 1593 1594 2283 2330 
0:1032 1580 1593 1594 1612 2283 2330 
0:1451 1452 1478 1647 1648 1649 1659 
0:1404 1451 1478 1647 1648 1649 1659 
0:1236 1404 1648 1649 1652 1659 1721 
0:914 1031 1452 1478 1648 1657 1659 
0:914 1236 1452 1648 1652 1657 1659 
0:914 1404 1478 1623 1648 1657 1659 
0:1236 1452 1647 1648 1652 1657 1659 
0:1236 1404 1647 1648 1652 1657 1659 
0:507 914 1236 1558 1623 1659 1721 
0:1032 1036 1044 1593 1594 2283 2328 
0:34 361 365 1305 1523 1544 1678 
0:1025 1027 1028 1038 1040 1042 1656 
0:365 1147 1177 1395 1677 1683 1829 
0:717 1030 1045 1422 1473 1475 1486 
0:717 1030 1045 1320 1473 1486 1492 
0:717 1261 1320 1366 1473 1486 1492 
0:717 1261 1320 1366 1486 1492 1570 
0:34 365 1261 1300 1308 1478 1513 
0:717 1045 1305 1422 1473 1478 1523 
0:717 1305 1366 1422 1473 1478 1523 
0:717 951 1261 1305 1309 1320 1797 
0:351 356 365 1261 1300 1473 1492 
0:351 356 365 1261 1300 1492 1797 
0:34 361 365 563 1261 1300 1478 
0:365 563 717 1366 1472 1474 1478 
0:40 365 1098 1099 1147 1305 1316 
0:365 1098 1099 1147 1305 1316 1678 
0:365 1016 1305 1366 1472 1474 1678 
0:34 365 1045 1305 1320 1472 1478 
0:1305 1320 1471 1472 1478 1513 1602 
0:717 1261 1305 1472 1473 1475 1478 
0:357 365 1045 1305 1320 1473 1478 
0:361 365 1305 1366 1473 1474 1478 
0:357 365 1016 1045 1305 1473 1492 
0:357 1016 1030 1045 1305 1473 1492 
0:365 717 1016 1045 1305 1473 1492 
0:717 1016 1030 1045 1305 1473 1492 
0:365 717 1016 1305 1366 1473 1492 
0:717 1030 1045 1305 1320 1473 1492 
0:357 365 1045 1305 1320 1473 1492 
0:356 365 1261 1300 1320 1473 1492 
0:1016 1104 1305 1395 1474 1475 1568 
0:1016 1104 1305 1474 1475 1478 1568 
0:34 361 365 1261 1305 1478 1523 
0:356 365 1200 1261 1300 1320 1478 
0:365 1147 1261 1305 1316 1492 1683 
0:158 1160 1478 1502 1597 1620 1623 
0:34 40 1261 1305 1320 1523 1570 
0:717 1200 1261 1320 1366 1570 1709 
0:34 40 365 1147 1261 1305 1316 
0:34 40 365 1261 1305 1320 1523 
0:365 717 1261 1305 1309 1320 1797 
0:365 1200 1261 1300 1320 1478 1709 
0:34 365 1261 1305 1320 1478 1523 
0:34 365 1305 1309 1357 1509 1676 
0:34 365 1045 1305 1320 1478 1523 
0:34 357 365 1045 1305 1320 1478 
0:717 826 1030 1045 1320 1471 1478 
0:357 826 1030 1045 1320 1471 1478 
0:34 365 1309 1395 1602 1676 1709 
0:34 365 1309 1395 1676 1687 1709 
0:357 1016 1030 1104 1305 1474 1679 
0:365 1016 1305 1366 1474 1478 1568 
0:158 1032 1036 1594 2135 2137 2283 
0:158 1036 1580 1594 2136 2137 2283 
0:158 1036 1594 2135 2136 2137 2283 
0:1036 1042 1587 1594 2134 2136 2299 
0:1036 1587 1594 2134 2135 2136 2299 
0:1036 1594 1619 2135 2136 2283 2299 
0:158 799 1011 1012 1032 1036 1039 
0:1036 1042 1593 1594 2136 2283 2299 
0:1036 1593 1594 1619 2136 2283 2299 
0:801 1041 1042 1044 1615 2391 2394 
0:158 1027 1038 1041 1042 1044 2298 
0:158 1011 1020 1032 1039 1044 1160 
0:1034 1036 1038 1041 1042 1044 1592 
0:1034 1036 1037 1041 1042 1044 1606 
0:1034 1036 1041 1042 1044 1592 1606 
0:1028 1036 1041 1042 1044 2283 2299 
0:1036 1037 1041 1042 1044 1606 1615 
0:1037 1041 1042 1044 1606 1615 2390 
0:158 1479 1580 1594 1597 1623 2283 
0:357 365 1160 1305 1474 1478 1602 
41:33 358 362 1059 1068 1101 
42:23 530 1057 1065 1066 1069 
43:2242 2534 2960 2990 2991 2992 
44:1073 1552 1554 1555 1556 1557 
45:140 143 146 150 156 157 
46:294 464 1542 1996 1999 2000 
47:2181 2860 2862 2939 2942 2943 
48:196 212 213 214 215 216 
0:365 1104 1305 1316 1478 1681 
0:507 914 1454 1534 1535 1536 
49:51 77 545 546 547 557 
50:1243 2240 2782 2834 2835 2836 
51:147 397 398 399 401 403 
52:365 410 1132 1198 1199 1200 
53:416 417 418 419 420 421 
54:1290 1415 1440 1442 1443 1444 
55:25 36 443 608 911 924 
56:1297 1365 1871 2913 3003 3005 
57:362 1486 1540 1910 2168 2169 
58:20 21 22 23 24 25 
59:176 565 695 830 835 836 
60:64 65 66 67 71 74 
61:357 709 1482 1553 1561 1562 
0:351 355 358 361 1308 2255 
62:1230 1550 1574 1652 1801 1803 
63:1030 1031 1789 2130 2134 2668 
64:356 1300 1518 1644 2251 2278 
65:507 914 1149 1549 2287 2288 
66:1233 1396 1433 2306 2307 2308 
67:363 507 1207 1286 1377 1379 
68:124 128 129 130 131 137 
69:40 1200 1276 1279 1280 1281 
70:1279 1869 1870 1871 1872 1873 
71:801 1043 1350 2362 2368 2369 
72:507 563 1234 1235 1236 1237 
73:942 1520 1544 1558 1650 1660 
74:505 507 689 1141 1778 1782 
75:1019 1502 1586 1620 1704 2327 
76:507 1366 1456 1482 1488 1490 
77:1804 2181 2182 2320 2860 2863 
78:1280 1430 2373 2728 2729 2730 
0:1472 1659 1670 1678 1701 1707 
0:507 1187 1478 1744 1849 1851 
0:1036 1619 2135 2239 2283 2299 
79:1043 1539 1597 1663 1786 1787 
15:23 29 484 530 1055 1056 
15:23 29 484 530 1056 1068 
0:365 1098 1499 1822 2202 2684 
80:26 27 533 1113 1302 1511 
8:68 69 72 73 75 154 
13:419 507 782 801 1354 1426 
81:1051 1054 1270 1271 1272 1415 
15:23 29 530 1056 1059 1068 
16:24 26 135 533 1108 1113 
82:131 1570 1709 1804 2414 2415 
0:799 828 1480 2133 2138 2431 
0:40 365 1177 1200 1797 2458 
0:1032 1479 1604 2131 2138 2670 
0:507 914 1478 1743 1744 1746 
0:365 717 1261 1309 1709 2226 
0:365 717 1309 1709 1817 2226 
0:34 358 363 1068 1308 1480 
83:914 1443 1530 1906 2353 2354 
0:1017 1033 1036 1046 2146 2277 
0:40 1098 1099 1804 2181 2182 
0:40 1098 1099 1200 1804 2182 
40:349 361 413 1052 1173 1174 
1:361 1121 1187 1190 1433 1784 
1:361 1187 1190 1433 1784 2191 
0:365 1132 1366 1395 1558 2406 
0:34 365 1395 1687 1709 2406 
0:40 1098 1099 1200 1804 1833 
84:361 413 1047 1049 1270 1271 
0:356 362 1031 1354 1504 1704 
0:507 1187 1454 1478 1744 1849 
85:1025 1031 1257 1360 1400 1449 
0:717 1016 1366 1422 1472 1670 
0:1422 1473 1478 1523 1689 1691 
0:34 365 1045 1472 1474 1702 
0:34 361 365 1474 1813 1814 
0:419 507 1147 1568 1659 1840 
0:419 1147 1568 1659 1678 1840 
1:1187 1345 1636 1638 1639 1640 
1:1345 1634 1636 1638 1639 1640 
0:27 40 1098 1172 1176 1177 
0:34 365 1098 1357 1474 1814 
0:40 1098 1147 1172 1177 1316 
0:1045 1422 1473 1478 1523 1691 
0:1366 1422 1473 1478 1523 1691 
0:361 1031 1261 1442 1480 1524 
0:1592 1596 1606 1609 1618 2672 
0:347 349 351 357 363 365 
0:361 1031 1160 1448 1474 1498 
0:1028 1044 1613 1663 2277 2283 
0:365 1098 1132 1177 1357 1395 
0:1452 1478 1648 1649 1659 1758 
0:886 911 1320 1456 1484 1486 
0:365 1147 1261 1683 1685 1827 
0:1305 1320 1366 1456 1473 1492 
0:1320 1366 1456 1473 1486 1492 
0:1042 1539 1584 1597 1617 2393 
0:911 1261 1320 1473 1486 1492 
0:351 352 355 358 363 1308 
0:351 355 358 361 363 1308 
0:1474 1476 1478 1518 1730 1822 
0:1475 1478 1568 1648 1659 1730 
0:356 717 1305 1320 1478 1820 
0:563 717 1320 1478 1706 1820 
0:563 1320 1478 1602 1706 1820 
0:1305 1474 1478 1602 1820 1822 
0:351 358 361 363 1308 1480 
0:351 358 361 1308 1473 1480 
0:34 358 361 363 1308 1480 
0:799 828 1160 1479 1580 2133 
0:356 363 365 1200 1261 1300 
0:349 357 365 1305 1309 1320 
0:349 357 365 1305 1309 1357 
0:349 356 361 365 1305 1366 
0:349 356 365 1305 1320 1366 
0:1042 1593 1594 1617 1868 2283 
0:1030 1045 1473 1475 1484 1486 
0:1305 1474 1476 1478 1602 1822 
0:34 361 365 1474 1478 1518 
0:1010 1366 1395 1486 1568 1570 
0:1010 1305 1366 1395 1568 1570 
0:1010 1305 1395 1475 1568 1570 
0:1010 1305 1366 1472 1504 1513 
0:1036 1044 1593 1594 1609 2331 
0:1044 1593 1594 1605 1609 2331 
0:1036 1044 1593 1594 2283 2331 
0:914 1031 1448 1452 1648 1659 
0:914 1451 1478 1568 1648 1659 
0:914 1451 1452 1478 1648 1659 
0:914 1404 1451 1478 1648 1659 
0:914 1478 1568 1648 1657 1659 
0:1366 1558 1648 1657 1659 1728 
0:1452 1478 1647 1648 1657 1659 
0:1404 1478 1647 1648 1657 1659 
0:419 1119 1558 1657 1659 1728 
0:419 1119 1568 1657 1659 1728 
0:357 1044 1583 1584 1623 1728 
0:365 1147 1395 1558 1683 1829 
0:365 419 1147 1395 1558 1683 
0:563 717 1366 1474 1478 1657 
0:1044 1375 1597 1613 1663 2283 
0:1032 1044 1160 1593 1594 2328 
0:34 365 1045 1305 1523 1544 
0:365 1045 1305 1492 1523 1544 
0:357 826 914 1478 1585 1623 
0:1099 1200 1261 1492 1829 2233 
0:365 1099 1147 1261 1492 1829 
0:365 1200 1261 1300 1492 1829 
0:365 1099 1200 1261 1492 1829 
0:1044 1375 1597 1613 1623 2283 
0:357 419 1316 1395 1486 1568 
0:1308 1471 1476 1478 1494 1593 
0:351 356 1261 1374 1492 1797 
0:356 1031 1261 1366 1374 2233 
0:34 365 1016 1478 1480 1568 
0:356 361 1031 1261 1478 1480 
0:356 361 1031 1261 1366 1478 
0:356 361 1031 1160 1478 1502 
0:356 361 1031 1261 1478 1502 
0:1016 1470 1471 1476 1478 1479 
0:351 357 1016 1030 1473 1492 
0:351 357 365 1016 1473 1492 
0:351 361 365 563 1261 1300 
0:361 365 563 1261 1366 1478 
0:34 361 365 563 1474 1478 
0:361 365 563 1366 1474 1478 
0:365 1099 1305 1366 1523 1678 
0:1099 1305 1366 1523 1570 1678 
0:1305 1471 1472 1474 1478 1602 
0:1261 1300 1472 1473 1475 1478 
0:34 361 365 1305 1474 1678 
0:361 365 1305 1366 1474 1678 
0:361 365 1305 1366 1523 1678 
0:356 361 1261 1300 1478 1502 
0:34 361 365 1305 1474 1478 
0:356 361 365 1160 1305 1478 
0:361 365 1160 1305 1474 1478 
0:361 1160 1305 1474 1476 1478 
0:158 356 1160 1478 1502 1620 
0:356 365 419 1305 1478 1676 
0:365 1261 1300 1320 1492 1708 
0:365 1016 1305 1366 1492 1568 
0:1044 1502 1597 1605 1623 2283 
0:158 1044 1160 1502 1597 1623 
0:1044 1160 1502 1597 1605 1623 
0:34 1261 1320 1570 1708 1709 
0:365 1261 1300 1309 1320 1797 
0:365 1261 1305 1309 1685 1797 
0:357 826 1045 1471 1476 1478 
0:40 365 1098 1177 1200 1305 
0:40 365 1177 1200 1305 1797 
0:34 1305 1395 1568 1570 1678 
0:1305 1366 1395 1568 1570 1678 
0:365 1177 1305 1309 1685 1797 
0:357 826 1320 1471 1478 1602 
0:357 1305 1320 1471 1478 1602 
0:1591 1594 1619 2135 2283 2299 
0:828 1591 1594 1619 2135 2299 
0:1028 1036 1042 2136 2283 2299 
0:158 1028 1036 1042 2136 2283 
0:158 1036 1042 1594 2136 2283 
0:801 1044 1608 1615 2391 2394 
0:158 1044 1594 1597 1623 2283 
0:158 1044 1160 1594 1597 1623 
0:1036 1038 1479 1592 1615 2299 
0:357 1016 1471 1476 1478 1479 
86:29 1082 1084 1086 1087 
87:417 419 421 453 455 
88:263 752 753 759 760 
0:1613 1616 1621 2437 2686 
89:97 499 589 590 594 
90:472 503 505 506 507 
91:187 195 201 202 207 
92:115 704 735 736 737 
93:96 98 100 104 106 
94:1108 1310 1311 1312 1313 
95:1483 1721 1735 1741 1742 
96:140 142 158 160 162 
97:2179 2183 2184 2185 2186 
98:606 673 674 675 677 
99:231 237 663 664 665 
100:99 140 141 144 145 
101:826 1045 1291 1320 1551 
102:937 941 944 948 951 
103:1280 1486 2373 2374 2375 
104:300 331 1980 1981 1982 
1:1186 1187 1188 1189 1190 
105:280 281 854 855 856 
106:1404 1647 1656 1657 1658 
46:294 464 1996 1997 2000 
107:336 1925 1926 1928 1929 
108:1528 1529 1530 1532 1533 
109:230 232 233 234 236 
110:199 247 248 249 250 
111:2804 2932 2955 2959 2960 
112:917 1625 1626 1627 1628 
113:184 198 256 257 266 
114:1492 1558 1739 1819 2419 
0:1589 1594 1599 2137 2654 
115:1042 1539 1617 1868 2656 
116:358 717 1306 1391 2814 
117:507 914 1345 1496 2449 
118:1073 1157 1305 1476 2171 
119:507 782 1421 1429 1431 
120:507 1015 1103 1290 1441 
121:1871 2242 2730 2948 2954 
121:1871 2242 2944 2948 2954 
122:359 361 1232 1433 1434 
123:826 914 1488 1631 2251 
124:507 782 801 1402 1423 
97:2179 2180 2183 2184 2185 
97:2179 2180 2181 2183 2185 
0:1032 1479 2131 2200 2328 
0:1044 1597 1598 1617 2679 
125:717 824 826 827 828 
126:34 1419 1768 1770 1771 
127:918 1547 1548 2437 2438 
128:1584 1591 2135 2428 2430 
127:1546 1547 1548 2437 2438 
129:689 1626 1861 1863 1866 
130:1185 1296 1872 2729 2730 
131:349 1047 1166 1192 1195 
0:158 1597 2283 2298 2661 
132:351 1287 1503 1569 1862 
133:1279 1872 2181 2804 2932 
133:1279 1872 2804 2932 2944 
77:1804 2271 2320 2860 2863 
134:349 413 1040 1192 1240 
133:1279 1872 2181 2804 2953 
133:1279 1872 2804 2944 2953 
70:1279 1871 1872 1873 2944 
81:1051 1054 1271 1825 1846 
81:1051 1054 1443 1825 1846 
135:349 1167 1303 1305 1309 
136:363 1647 1650 1655 1660 
7:726 1488 1722 1725 1746 
137:798 1376 1388 1390 1391 
138:908 1483 1692 1734 1739 
0:1016 1305 1366 1474 1816 
0:1016 1305 1366 1492 1816 
15:29 454 484 530 1055 
139:1054 1272 1448 2254 2295 
140:563 797 1021 1022 1043 
141:1119 1582 1695 1724 1905 
142:351 1308 1905 2254 2256 
36:563 1261 1524 1913 2345 
36:1454 1913 2345 2377 2378 
143:349 798 1320 1364 1365 
0:40 1099 1305 1314 1320 
0:40 1099 1305 1314 1316 
82:1570 1708 1709 1804 2414 
0:1044 1613 1616 1621 2437 
144:351 365 1105 1184 1797 
18:113 255 472 562 565 
18:113 260 472 562 565 
0:828 1479 1604 2138 2670 
145:198 214 228 251 260 
20:507 914 1450 1778 1784 
20:914 1404 1450 1784 1785 
0:34 36 365 1147 1869 
1:361 1190 1433 1784 1876 
1:1190 1433 1784 1876 2174 
1:1433 1660 1784 1876 2174 
0:350 351 365 1261 2226 
0:1132 1315 1357 1509 2202 
146:1261 1315 1316 1486 1560 
21:361 1272 1448 2279 2280 
21:1054 1272 1448 2279 2280 
21:1054 1272 1825 2279 2280 
0:914 1404 1451 1478 1651 
147:1530 1561 1583 1728 2320 
0:1494 1584 1599 1600 2429 
83:914 1906 1907 2353 2354 
0:365 717 1309 1474 1817 
0:365 717 1309 1797 1817 
0:365 1309 1703 1709 1817 
0:914 1404 1530 1728 2353 
0:349 1305 1357 1359 1366 
0:349 356 1305 1359 1366 
0:356 1305 1359 1366 1791 
0:356 1359 1366 1659 1791 
148:361 413 1049 1155 2215 
84:361 413 1008 1047 1049 
84:361 1008 1047 1049 1053 
149:361 1052 1053 1173 1306 
0:40 1098 1099 1185 1833 
1:1187 1188 1189 1190 1636 
0:40 1098 1099 1804 2415 
0:40 1099 1570 1804 2415 
0:365 1366 1395 1709 2406 
0:1395 1687 1709 2403 2406 
0:40 356 1099 1200 1833 
84:361 1047 1270 1271 1272 
81:1051 1054 1271 1272 1825 
149:361 1052 1053 1155 1306 
0:1016 1305 1366 1492 2266 
150:362 914 1031 1443 2266 
0:798 1031 1342 1366 1498 
0:365 1098 1132 1357 2202 
0:365 1098 1309 1357 2202 
0:365 1098 1309 1822 2202 
0:365 1132 1357 1509 2202 
0:365 1309 1357 1509 2202 
1:361 1187 1375 1784 2191 
0:507 801 1396 1454 2188 
0:801 1375 1396 1454 2188 
0:1014 1375 1396 1454 2188 
0:507 1187 1454 1849 2188 
1:361 1187 1375 1784 2188 
1:507 1187 1488 1784 2188 
0:1016 1366 1472 1670 1678 
0:1366 1472 1659 1670 1678 
7:507 1488 1623 1722 1725 
7:507 1488 1722 1725 1746 
7:507 1721 1722 1725 1746 
0:158 356 1478 1502 1581 
0:365 1098 1132 1176 1177 
0:365 1132 1176 1177 1797 
0:40 365 1098 1176 1177 
0:40 365 1176 1177 1797 
0:40 365 1176 1261 1797 
40:349 361 797 1009 1013 
0:349 358 361 363 1009 
0:361 1023 1031 1448 1498 
0:361 1023 1308 1448 1498 
0:361 365 1366 1474 1814 
0:365 1357 1366 1474 1814 
5:361 362 1031 1370 1371 
5:361 1031 1370 1371 1375 
5:358 362 1370 1371 1372 
5:362 1031 1370 1371 1372 
151:797 1013 1016 1030 1045 
0:349 351 356 361 1013 
0:351 356 361 1013 1300 
0:914 1031 1257 1448 1452 
152:719 826 1503 1590 1704 
0:365 1098 1474 1499 1822 
0:365 563 1366 1474 1499 
0:563 1366 1474 1498 1499 
0:365 563 1474 1499 1822 
0:1044 1592 1606 2394 2463 
0:27 40 1098 1099 1172 
1:1187 1188 1189 1375 1784 
0:1261 1299 1300 1302 1558 
0:1308 1366 1473 1478 1691 
0:34 36 40 365 1147 
0:1591 1615 2299 2390 2430 
0:356 362 1031 1372 1704 
0:1031 1043 1442 1443 1539 
0:1037 1362 1606 1608 1615 
0:1036 1044 1609 2331 2672 
0:1044 1592 1606 2390 2672 
0:34 1073 1305 1568 1678 
0:350 356 361 365 1160 
0:1160 1448 1494 1498 1593 
0:361 563 1366 1474 1498 
0:361 1031 1366 1474 1498 
0:1028 1036 1044 2277 2283 
0:365 1098 1132 1177 1200 
0:365 1132 1177 1200 1797 
0:365 1132 1200 1366 1797 
0:365 1132 1357 1366 1395 
0:914 1404 1530 1721 1728 
0:365 1099 1200 1804 1829 
0:1099 1200 1804 1829 2233 
153:1160 1504 1582 1726 1727 
0:1031 1648 1657 1791 1792 
0:826 1030 1031 1502 1792 
0:351 355 361 1308 1718 
0:886 1320 1484 1486 1570 
0:34 886 1395 1568 1570 
0:34 361 563 1261 1524 
0:34 563 1261 1509 1524 
0:34 361 1261 1480 1524 
0:361 1261 1473 1480 1524 
0:357 826 827 828 1612 
0:717 827 1200 1261 1797 
0:827 1200 1261 1300 1797 
0:826 1590 1593 1620 1704 
0:356 1031 1502 1504 1704 
0:349 356 798 1031 1366 
0:349 356 798 1320 1366 
0:356 798 1320 1366 1478 
0:563 798 1320 1366 1478 
0:563 798 1366 1478 1494 
0:563 798 1366 1478 1657 
0:507 914 1236 1450 1659 
0:1474 1475 1478 1568 1730 
0:158 799 1479 1587 2130 
0:158 799 1587 2130 2134 
0:351 352 363 1261 1308 
0:34 352 357 358 363 
0:34 352 358 363 1308 
0:34 352 363 1261 1308 
0:1305 1320 1478 1602 1820 
0:356 1305 1478 1791 1820 
0:356 1478 1657 1791 1820 
0:799 828 1479 2133 2138 
0:349 356 361 362 1031 
0:349 356 361 1031 1366 
0:349 365 1305 1357 1366 
0:357 1395 1484 1486 1568 
0:1320 1484 1486 1492 1570 
0:1484 1486 1492 1568 1570 
0:357 1484 1486 1492 1568 
0:365 1474 1478 1518 1822 
0:356 365 1478 1518 1822 
0:361 362 1474 1476 1518 
0:361 365 1308 1448 1518 
0:361 365 1448 1474 1518 
0:361 1474 1476 1478 1518 
0:361 1308 1476 1478 1518 
0:1010 1305 1472 1475 1504 
0:1010 1305 1366 1504 1568 
0:1010 1305 1475 1504 1568 
0:356 1305 1366 1478 1791 
0:356 1305 1366 1504 1791 
0:1305 1366 1478 1568 1791 
0:1305 1366 1504 1568 1791 
0:1031 1044 1375 1443 1502 
0:1044 1443 1597 1608 1623 
0:1044 1443 1597 1608 2299 
0:1044 1443 1597 2283 2299 
0:1451 1486 1568 1648 1659 
0:1475 1486 1568 1648 1659 
0:1366 1486 1568 1648 1659 
0:1366 1452 1486 1648 1659 
0:419 507 1478 1568 1659 
0:507 1366 1478 1568 1659 
0:507 1366 1504 1568 1659 
0:507 914 1478 1568 1659 
0:507 914 1478 1623 1659 
0:356 419 1478 1657 1659 
0:419 1478 1568 1657 1659 
0:365 1395 1544 1558 1829 
0:365 1492 1544 1558 1829 
0:365 1261 1366 1492 1558 
0:419 1474 1478 1568 1657 
0:1031 1366 1474 1478 1657 
0:1366 1474 1478 1568 1657 
0:356 717 1366 1478 1657 
0:1160 1448 1494 1593 1621 
0:361 365 1160 1448 1474 
0:419 507 1147 1568 1677 
0:1020 1032 1036 1044 2328 
0:1020 1032 1044 1160 2328 
0:1020 1031 1044 1160 2328 
0:356 1031 1160 1502 1504 
0:356 1305 1366 1504 1513 
0:357 914 1305 1478 1568 
0:357 1316 1486 1492 1568 
0:1366 1486 1492 1568 1570 
0:717 1366 1422 1473 1486 
0:717 1261 1473 1475 1486 
0:717 1261 1475 1486 1570 
0:1308 1366 1471 1478 1494 
0:365 1016 1473 1478 1480 
0:1016 1470 1473 1478 1480 
0:351 365 1016 1473 1480 
0:351 1016 1470 1473 1480 
0:361 1031 1366 1474 1478 
0:361 1031 1160 1474 1478 
0:826 1030 1031 1478 1502 
0:826 1031 1160 1478 1502 
0:797 1020 1025 1031 1044 
0:1020 1031 1044 1160 1502 
0:351 1016 1030 1470 1473 
0:351 1016 1470 1476 1479 
0:351 357 1016 1476 1479 
0:351 357 365 1016 1685 
0:351 365 1261 1685 1797 
0:717 1261 1305 1475 1570 
0:361 1160 1476 1478 1502 
0:361 1160 1476 1478 1608 
0:356 1160 1471 1478 1620 
0:356 1160 1305 1471 1478 
0:1305 1366 1492 1568 1570 
0:1261 1320 1492 1570 1708 
0:158 1019 1020 1044 1502 
0:158 1020 1044 1160 1502 
0:34 1305 1523 1570 1678 
0:717 826 828 1471 1478 
0:158 1036 1038 1479 1587 
0:1036 1038 1479 1587 2299 
0:1036 1479 1587 1594 2299 
0:801 1037 1044 1608 1615 
0:158 1032 1044 1160 1594 
0:158 1012 1019 1036 1620 
0:1037 1044 1606 1608 1615 
