0:357 826 828 1135 1160 1471 1476 1478 1479 1494 1580 1582 1583 1584 1585 1588 1589 1590 1591 1592 1593 1594 1595 1596 1597 1598 1599 1600 1601 1602 1603 1604 1605 1606 1607 1608 1609 1610 1611 1612 1613 1614 1615 1616 1617 1618 1619 1620 1621 1622 1623 1624 
0:1041 1042 1044 1582 1590 1591 1592 1593 1594 1597 1598 1603 1605 1606 1607 1610 1613 1615 1616 1617 2283 2298 2299 2390 2391 2392 2393 2394 
0:357 1044 1160 1582 1583 1584 1590 1591 1592 1593 1594 1596 1597 1598 1603 1605 1606 1607 1608 1609 1610 1613 1615 1616 1617 1621 1622 1623 
0:1479 1494 1580 1582 1590 1591 1592 1593 1594 1597 1598 1599 1603 1604 1605 1606 1607 1610 1612 1613 1614 1615 1616 1617 1619 1623 2283 
1:34 357 365 419 1016 1098 1104 1147 1177 1305 1309 1316 1357 1395 1474 1568 1675 1676 1677 1678 1679 1683 1685 1686 1687 1688 
0:158 797 801 1011 1012 1017 1019 1020 1025 1026 1027 1028 1032 1033 1034 1035 1036 1037 1038 1039 1040 1041 1042 1044 1046 
0:1044 1582 1590 1591 1592 1593 1594 1597 1598 1603 1605 1606 1607 1608 1610 1613 1615 1616 1617 2298 2299 2391 2394 
0:828 1479 1582 1590 1591 1592 1593 1594 1597 1598 1603 1605 1606 1607 1608 1609 1610 1613 1615 1616 1617 1619 2299 
0:1042 1044 1582 1584 1590 1591 1592 1593 1594 1597 1598 1603 1605 1606 1607 1610 1613 1615 1616 1617 2393 
0:1044 1582 1590 1591 1592 1593 1594 1597 1598 1603 1605 1606 1607 1608 1609 1610 1613 1615 1616 1617 2299 
0:1479 1582 1590 1591 1592 1593 1594 1597 1598 1603 1605 1606 1607 1610 1613 1615 1616 1617 1619 2283 2299 
0:1044 1582 1590 1591 1592 1593 1594 1597 1598 1603 1605 1606 1607 1610 1613 1615 1616 1617 1623 2283 
0:1582 1590 1591 1592 1593 1594 1597 1598 1603 1605 1606 1607 1610 1613 1615 1616 1617 1620 2392 
0:1036 1479 1494 1580 1589 1592 1593 1594 1595 1596 1599 1604 1606 1609 1614 1615 1619 1620 
1:34 365 563 1261 1300 1309 1320 1472 1478 1509 1513 1602 1676 1703 1706 1708 1709 
2:40 356 717 951 1099 1200 1261 1305 1320 1366 1374 1492 1523 1570 1797 2233 2270 
3:240 1187 1188 1189 1375 1454 1638 1639 1640 1642 1643 1646 1663 1706 1751 1858 
4:914 1119 1236 1299 1404 1558 1623 1648 1652 1657 1659 1721 1728 1753 1754 1755 
1:717 1016 1030 1045 1104 1305 1422 1470 1471 1472 1473 1474 1475 1477 1478 1481 
0:1027 1028 1038 1040 1042 1587 1590 1598 1607 1613 1656 2134 2136 2299 2416 
0:158 799 1012 1036 1587 1589 1594 1595 1620 2134 2135 2136 2137 2138 
0:1580 1589 1590 1593 1594 1595 1598 1599 1607 1613 1614 1619 1620 2136 
0:1036 1479 1494 1580 1592 1593 1594 1599 1604 1606 1614 1615 1619 2283 
5:886 1010 1376 1395 1475 1484 1486 1565 1566 1567 1568 1569 1570 
6:365 1147 1261 1300 1492 1558 1683 1708 1769 1826 1827 1828 1829 
7:351 361 365 1261 1300 1308 1473 1480 1715 1716 1717 1718 1719 
8:11 115 125 190 191 206 215 216 640 642 644 646 648 
9:158 799 1011 1032 1039 1160 1479 1580 2129 2130 2131 2132 2133 
10:357 911 1030 1045 1320 1456 1473 1484 1485 1486 1489 1491 1492 
11:1216 1236 1448 1450 1451 1452 1486 1647 1648 1649 1652 1659 1661 
0:1036 1580 1593 1594 1599 1614 1619 1868 2136 2283 2329 2330 2331 
2:40 356 365 717 1099 1200 1261 1305 1320 1366 1492 1523 1797 
0:1038 1041 1042 1044 1590 1592 1598 1605 1607 1613 1615 2298 2299 
1:34 357 365 419 1016 1104 1305 1309 1316 1474 1478 1568 1676 
12:34 352 1294 1360 1516 1517 1518 1519 1520 1521 1524 1525 
13:347 349 351 352 353 354 355 357 358 359 362 363 
14:1119 1532 1568 1648 1657 1728 1755 1790 1791 1792 1793 1794 
1:34 365 1261 1305 1309 1320 1472 1478 1509 1513 1602 1676 
0:1036 1479 1494 1580 1589 1593 1594 1595 1599 1604 1620 2137 
0:1580 1590 1593 1594 1598 1599 1607 1613 1614 1619 2136 2283 
0:1027 1028 1038 1040 1041 1042 1044 1590 1598 1607 1613 2299 
15:825 1327 1377 1461 1462 1463 1464 1465 1466 1467 1468 
3:1188 1189 1502 1634 1636 1637 1638 1640 1642 1643 1646 
16:158 1044 1375 1443 1502 1529 1597 1623 2283 2284 2285 
17:1010 1305 1400 1413 1472 1504 1508 1509 1510 1512 1513 
18:526 1014 1031 1367 1368 1370 1371 1372 1373 1375 1376 
3:1187 1188 1189 1636 1638 1639 1640 1642 1643 1646 1706 
19:356 798 1031 1366 1452 1478 1648 1657 1659 1758 1791 
0:1032 1036 1479 1494 1580 1593 1594 1604 2137 2283 2328 
0:1032 1036 1479 1580 1593 1594 1604 2131 2137 2283 2328 
0:158 799 1036 1479 1587 1589 1594 1595 1620 2137 2138 
0:158 1012 1027 1028 1036 1038 1040 1042 1587 2134 2136 
0:1587 1589 1590 1594 1595 1598 1607 1613 1620 2134 2136 
0:1471 1479 1587 1589 1590 1594 1595 1598 1607 1613 1620 
0:1036 1580 1589 1593 1594 1595 1599 1614 1619 1620 2136 
0:1027 1038 1041 1042 1044 1590 1598 1607 1613 2298 2299 
0:158 1160 1478 1479 1580 1589 1594 1595 1597 1620 1623 
0:1036 1041 1042 1044 1592 1593 1594 1606 1615 2283 2299 
20:34 365 1045 1163 1357 1474 1702 1813 1814 1815 
21:419 507 1147 1304 1555 1558 1659 1834 1840 1842 
22:363 827 1048 1200 1261 1298 1299 1300 1301 1302 
23:563 798 1342 1366 1493 1494 1495 1496 1498 1499 
24:195 196 198 199 203 204 205 206 208 210 
25:507 914 1454 1478 1480 1536 1568 1746 1812 1850 
26:914 1236 1257 1445 1446 1447 1448 1450 1451 1452 
27:507 1374 1562 1623 1720 1721 1722 1723 1724 1725 
28:1475 1504 1568 1648 1659 1726 1727 1728 1729 1730 
29:419 563 717 1474 1478 1657 1706 1820 1821 1822 
3:1188 1189 1634 1636 1638 1639 1640 1642 1643 1646 
0:1580 1593 1594 1599 1605 1609 1614 1618 1619 2331 
1:717 1016 1305 1366 1422 1471 1472 1473 1474 1478 
1:365 563 717 1261 1309 1320 1472 1478 1706 1709 
1:34 365 563 1309 1472 1474 1478 1602 1676 1706 
1:34 365 1016 1104 1305 1309 1472 1474 1676 1678 
1:34 365 1016 1104 1305 1309 1472 1474 1478 1676 
1:365 717 1016 1045 1104 1305 1472 1473 1474 1478 
1:357 1016 1030 1045 1104 1305 1471 1473 1474 1478 
2:356 365 717 1261 1305 1320 1366 1473 1478 1523 
2:356 365 717 1261 1305 1320 1366 1473 1492 1523 
2:356 365 717 1200 1261 1305 1320 1366 1478 1523 
1:34 365 1147 1261 1305 1309 1316 1676 1683 1685 
0:357 1160 1479 1580 1593 1594 1595 1599 1604 2131 
0:1036 1479 1580 1593 1594 1595 1599 1604 2131 2137 
0:1036 1479 1580 1593 1594 1599 1604 2131 2137 2283 
0:158 799 1036 1479 1580 1589 1594 1595 1620 2137 
0:158 799 1036 1580 1589 1594 1595 1620 2136 2137 
0:1036 1580 1589 1593 1594 1595 1599 1620 2136 2137 
0:1036 1479 1494 1580 1593 1594 1599 1604 2137 2283 
0:1027 1028 1036 1038 1040 1042 1587 2134 2136 2299 
0:1042 1587 1590 1594 1598 1607 1613 2134 2136 2299 
0:1042 1590 1593 1594 1598 1607 1613 2136 2283 2299 
0:1590 1593 1594 1598 1607 1613 1619 2136 2283 2299 
0:1028 1041 1042 1044 1590 1598 1607 1613 2283 2299 
0:1036 1479 1592 1593 1594 1606 1615 1619 2283 2299 
0:1036 1479 1592 1593 1594 1606 1609 1615 1619 2299 
0:1038 1471 1479 1590 1592 1598 1605 1607 1613 1615 
0:1038 1479 1590 1592 1598 1605 1607 1613 1615 2299 
1:34 357 365 1305 1309 1395 1474 1602 1676 1678 
30:64 68 69 70 72 73 75 76 77 
31:1331 1345 1634 1636 1639 1640 1641 1644 1645 
32:1345 1636 1639 1640 1641 1644 1836 2248 2249 
33:118 147 178 280 281 284 600 601 602 
34:507 1014 1141 1396 1454 1800 1849 2188 2189 
35:801 1018 1486 1546 1548 1663 2321 2322 2323 
36:1031 1043 1261 1442 1480 1524 1537 1538 1539 
37:198 203 210 228 251 254 257 263 267 
38:347 349 350 351 356 360 361 363 365 
39:1034 1036 1044 1592 1596 1606 1609 2463 2672 
40:34 361 1073 1305 1350 1523 1544 1678 1877 
13:347 349 351 355 358 359 361 362 363 
11:914 1236 1448 1450 1451 1452 1648 1652 1659 
11:1236 1404 1450 1451 1647 1648 1649 1652 1659 
7:351 356 361 363 365 1261 1300 1308 1480 
0:1580 1593 1594 1599 1614 1617 1619 1868 2283 
41:365 419 563 717 1309 1474 1478 1706 1822 
0:1036 1580 1593 1594 1599 2131 2137 2283 2329 
0:1036 1580 1593 1594 1599 2136 2137 2283 2329 
0:1036 1580 1593 1594 1599 1609 1614 1619 2331 
0:1580 1593 1594 1599 1605 1614 1619 2283 2331 
0:1478 1580 1593 1594 1599 1612 1614 1619 2330 
0:1580 1593 1594 1599 1612 1614 1619 2283 2330 
3:1188 1189 1375 1502 1638 1640 1642 1643 1646 
1:34 1016 1045 1104 1305 1472 1474 1478 1481 
0:1032 1160 1479 1494 1580 1593 1594 1604 2328 
0:1032 1160 1479 1580 1593 1594 1604 2131 2328 
7:356 361 365 1261 1300 1308 1473 1478 1480 
7:351 356 361 365 1261 1300 1308 1473 1480 
1:1016 1045 1305 1422 1470 1471 1474 1476 1478 
1:365 563 717 1261 1320 1366 1472 1478 1709 
1:365 563 1261 1320 1366 1472 1478 1513 1709 
1:34 365 419 563 1309 1474 1478 1676 1706 
1:34 365 1305 1309 1472 1474 1602 1676 1678 
1:34 365 1016 1045 1104 1305 1472 1474 1478 
1:365 717 1016 1104 1305 1309 1472 1474 1478 
1:365 717 1016 1305 1366 1472 1473 1474 1478 
1:34 365 1305 1309 1472 1474 1478 1602 1676 
2:365 717 1261 1305 1320 1366 1472 1473 1478 
2:365 1261 1305 1320 1366 1472 1473 1478 1513 
1:717 1030 1045 1305 1320 1471 1472 1473 1478 
1:357 365 1016 1045 1104 1305 1473 1474 1478 
2:356 361 365 1261 1305 1366 1473 1478 1523 
2:356 365 1261 1305 1320 1366 1473 1478 1513 
1:357 365 1016 1147 1305 1316 1492 1568 1683 
0:826 1160 1476 1478 1502 1597 1605 1620 1623 
42:34 365 1147 1261 1300 1309 1676 1683 1708 
1:34 357 365 1016 1045 1104 1305 1357 1474 
1:34 357 365 1016 1045 1104 1305 1474 1478 
1:365 419 717 1016 1104 1305 1309 1474 1478 
1:34 357 365 1305 1309 1320 1478 1602 1676 
1:365 1016 1305 1357 1366 1395 1474 1568 1678 
9:158 799 1011 1032 1036 1039 1479 1580 2131 
0:158 799 1032 1036 1479 1580 1594 2131 2137 
0:158 799 1036 1479 1580 1594 1595 2131 2137 
0:158 1032 1036 1479 1580 1594 2131 2137 2283 
0:158 799 1032 1036 1479 1594 2131 2137 2138 
0:158 799 1036 1479 1594 1595 2131 2137 2138 
0:158 799 1012 1032 1036 1594 2135 2137 2138 
0:1036 1479 1589 1594 1595 1604 1620 2137 2138 
0:828 1584 1589 1591 1594 1595 1619 1620 2135 
0:799 828 1160 1479 1580 1589 1594 1595 1620 
0:158 799 1160 1479 1580 1589 1594 1595 1620 
0:828 1479 1589 1594 1595 1604 1620 1624 2138 
0:1028 1042 1590 1598 1607 1613 2136 2283 2299 
0:1027 1028 1036 1038 1040 1041 1042 1044 2299 
0:1032 1160 1479 1494 1580 1593 1594 1604 1612 
0:1032 1479 1494 1580 1593 1594 1604 1612 2283 
0:1036 1044 1592 1593 1594 1596 1606 1609 1615 
0:1036 1044 1592 1593 1594 1606 1609 1615 2299 
1:34 357 365 1305 1309 1474 1478 1602 1676 
